Date,Close/Last,Volume,Open,High,Low
05/10/2024,$218.50,820478,$220.00,$220.51,$218.22
05/09/2024,$219.42,1021106,$216.96,$219.79,$216.03
05/08/2024,$217.34,598844,$217.70,$218.10,$217.05
05/07/2024,$216.97,581785,$216.69,$217.50,$216.32
05/06/2024,$215.91,668562,$215.16,$216.98,$214.92
05/03/2024,$213.85,1298445,$213.08,$214.36,$211.19
05/02/2024,$214.37,1001436,$213.87,$215.07,$212.42
05/01/2024,$213.15,1143902,$212.16,$215.24,$212.16
04/30/2024,$212.16,1385757,$212.75,$213.82,$211.74
04/29/2024,$212.90,1454623,$213.45,$214.78,$212.025
04/26/2024,$213.45,1706046,$212.50,$214.51,$211.53
04/25/2024,$213.99,1323191,$212.50,$214.13,$210.92
04/24/2024,$213.43,1129281,$212.56,$214.585,$212.50
04/23/2024,$214.32,1042971,$214.64,$215.95,$213.12
04/22/2024,$214.27,1471720,$214.46,$215.52,$212.56
04/19/2024,$214.07,1918462,$211.72,$215.50,$210.725
04/18/2024,$210.42,2048308,$208.48,$211.77,$207.24
04/17/2024,$206.58,5764992,$206.075,$209.82,$202.60
04/16/2024,$223.12,1412209,$221.68,$223.885,$220.77
04/15/2024,$221.06,1063589,$223.83,$224.655,$220.525
04/12/2024,$221.10,1100306,$220.68,$222.77,$220.37
04/11/2024,$220.40,1155605,$223.03,$223.03,$219.72
04/10/2024,$224.38,1086651,$223.14,$224.95,$221.68
04/09/2024,$223.84,975779,$231.03,$231.355,$223.30
04/08/2024,$230.59,1462566,$230.89,$231.96,$230.16
04/05/2024,$230.89,857048,$230.46,$231.605,$229.24
04/04/2024,$228.50,1212026,$230.91,$232.75,$228.04
04/03/2024,$229.06,856609,$227.50,$229.41,$226.88
04/02/2024,$227.85,1115988,$229.15,$229.78,$227.51
04/01/2024,$228.16,801404,$229.81,$230.00,$227.31
03/28/2024,$230.14,871145,$229.78,$230.87,$229.385
03/27/2024,$228.83,967597,$226.13,$229.215,$225.9775
03/26/2024,$225.33,922032,$225.04,$226.91,$224.325
03/25/2024,$225.53,748412,$225.00,$226.39,$224.30
03/22/2024,$224.45,844065,$227.25,$227.48,$224.375
03/21/2024,$226.13,1730670,$224.56,$226.80,$224.08
03/20/2024,$224.99,1251906,$223.06,$226.39,$222.91
03/19/2024,$223.63,1291864,$222.79,$224.17,$221.73
03/18/2024,$221.92,1032016,$221.06,$222.32,$220.46
03/15/2024,$220.93,2157568,$219.47,$222.17,$219.47
03/14/2024,$221.42,1167772,$222.89,$224.00,$220.45
03/13/2024,$223.49,1047559,$220.96,$223.60,$220.675
03/12/2024,$220.46,2025348,$218.67,$221.259,$217.60
03/11/2024,$219.02,1046847,$217.04,$219.54,$216.98
03/08/2024,$218.45,1146966,$218.51,$219.75,$217.53
03/07/2024,$219.40,1329807,$220.41,$221.69,$218.39
03/06/2024,$220.62,1041395,$220.71,$221.38,$218.35
03/05/2024,$219.13,841117,$219.00,$219.90,$218.48
03/04/2024,$219.07,848513,$218.46,$220.15,$218.23
03/01/2024,$218.82,1110929,$220.76,$221.09,$218.39
02/29/2024,$220.96,1996636,$220.90,$221.51,$218.06
02/28/2024,$220.42,965271,$221.96,$222.00,$220.09
02/27/2024,$221.88,1245815,$219.31,$221.99,$219.31
02/26/2024,$220.08,1119813,$221.05,$222.175,$219.09
02/23/2024,$220.96,2150510,$222.87,$223.88,$219.57
02/22/2024,$222.30,1897996,$220.00,$223.38,$218.78
02/21/2024,$219.48,1512163,$221.00,$221.375,$217.39
02/20/2024,$220.10,2818497,$216.67,$220.368,$216.3277
02/16/2024,$217.53,2029420,$218.56,$219.29,$217.19
02/15/2024,$219.02,1299624,$216.62,$219.62,$216.35
02/14/2024,$216.62,1230447,$215.95,$218.105,$215.45
02/13/2024,$215.95,3570521,$215.99,$216.56,$211.86
02/12/2024,$214.69,1180841,$214.30,$216.045,$213.53
02/09/2024,$214.50,1465734,$212.39,$214.99,$212.04
02/08/2024,$213.81,1745609,$214.12,$214.16,$211.0304
02/07/2024,$214.22,1760638,$213.87,$215.10,$213.07
02/06/2024,$213.01,1486564,$212.73,$213.5925,$212.34
02/05/2024,$213.08,1020244,$214.00,$214.48,$211.81
02/02/2024,$214.82,1478720,$213.22,$215.71,$212.60
02/01/2024,$212.02,2015293,$210.13,$212.67,$209.03
01/31/2024,$211.36,1549858,$214.00,$215.21,$211.20
01/30/2024,$213.54,1150810,$211.49,$213.65,$210.82
01/29/2024,$211.12,1194768,$210.63,$212.20,$209.673
01/26/2024,$211.43,1337760,$211.65,$212.24,$210.98
01/25/2024,$211.52,1473591,$212.45,$212.67,$209.77
01/24/2024,$210.98,1647134,$212.66,$213.26,$210.635
01/23/2024,$210.98,1849313,$212.86,$213.63,$209.91
01/22/2024,$213.86,2099716,$212.74,$215.205,$212.24
01/19/2024,$211.67,4343359,$210.27,$214.29,$206.59
01/18/2024,$198.35,1591163,$195.57,$198.85,$195.57
01/17/2024,$197.50,1351455,$197.06,$199.79,$196.83
01/16/2024,$196.71,1489496,$195.59,$196.84,$194.541
01/12/2024,$195.56,1107520,$195.91,$196.41,$194.475
01/11/2024,$194.87,1381195,$193.93,$195.16,$191.88
01/10/2024,$193.09,883812,$191.44,$193.25,$191.00
01/09/2024,$192.20,1097925,$192.18,$192.705,$189.87
01/08/2024,$192.31,1645670,$192.79,$193.395,$190.58
01/05/2024,$193.07,1580735,$191.69,$194.11,$191.69
01/04/2024,$192.54,1981421,$192.71,$194.26,$191.63
01/03/2024,$191.30,1739608,$191.75,$194.025,$191.29
01/02/2024,$191.42,1754235,$190.20,$192.58,$190.20
12/29/2023,$190.49,1048455,$189.34,$190.82,$188.81
12/28/2023,$189.33,850900,$188.47,$189.935,$188.47
12/27/2023,$188.62,1020704,$186.12,$188.73,$186.12
12/26/2023,$187.09,999058,$185.27,$187.415,$185.27
12/22/2023,$185.80,1100012,$186.08,$187.00,$184.96
12/21/2023,$185.57,1383044,$183.58,$185.70,$182.76
12/20/2023,$183.84,1360393,$186.26,$186.55,$183.65
12/19/2023,$186.18,1407957,$183.24,$186.44,$182.59
12/18/2023,$183.41,1631971,$183.62,$184.12,$182.70
12/15/2023,$182.81,3373822,$181.41,$186.00,$181.41
12/14/2023,$182.77,2237343,$185.57,$185.97,$181.03
12/13/2023,$185.22,1316876,$183.67,$185.45,$182.95
12/12/2023,$183.66,935291,$182.56,$184.59,$181.785
12/11/2023,$182.35,1014867,$181.58,$182.765,$180.44
12/08/2023,$181.26,853475,$181.99,$182.5057,$180.65
12/07/2023,$181.91,1104188,$182.68,$183.2899,$181.42
12/06/2023,$183.13,1180407,$184.73,$185.55,$182.55
12/05/2023,$183.66,1475899,$183.32,$185.25,$182.72
12/04/2023,$183.19,2288095,$182.05,$184.34,$181.32
12/01/2023,$181.98,1453508,$179.94,$182.33,$179.175
11/30/2023,$180.62,3555694,$177.80,$181.18,$177.61
11/29/2023,$177.44,1214404,$176.68,$178.22,$175.875
11/28/2023,$176.84,988736,$178.39,$178.74,$176.45
11/27/2023,$178.61,1082788,$177.30,$178.95,$177.18
11/24/2023,$177.54,416678,$176.71,$178.60,$176.57
11/22/2023,$176.08,814453,$175.02,$176.475,$174.60
11/21/2023,$175.06,1059131,$172.38,$175.915,$172.38
11/20/2023,$172.10,702905,$172.01,$172.435,$170.88
11/17/2023,$171.82,862290,$171.53,$172.97,$170.62
11/16/2023,$171.69,1281406,$170.21,$172.81,$169.18
11/15/2023,$169.54,1473034,$170.00,$170.32,$167.08
11/14/2023,$168.70,1737144,$170.94,$171.15,$168.01
11/13/2023,$171.00,1056179,$169.82,$171.22,$169.22
11/10/2023,$169.96,911626,$169.00,$170.13,$167.54
11/09/2023,$168.59,933453,$169.51,$169.96,$168.1687
11/08/2023,$168.56,1165390,$169.83,$170.25,$167.60
11/07/2023,$169.99,1022260,$168.93,$170.21,$168.69
11/06/2023,$169.55,1327739,$168.41,$169.58,$168.24
11/03/2023,$168.41,1682392,$170.75,$170.75,$166.51
11/02/2023,$168.95,1284277,$169.35,$170.46,$165.84
11/01/2023,$169.28,1274276,$168.05,$169.75,$166.81
10/31/2023,$167.44,1923290,$166.62,$168.45,$166.56
10/30/2023,$165.51,2187718,$161.55,$165.87,$161.55
10/27/2023,$160.68,1427722,$163.78,$163.78,$159.89
10/26/2023,$164.46,1972397,$165.67,$167.37,$164.155
10/25/2023,$164.73,2084022,$158.73,$165.02,$158.22
10/24/2023,$157.92,2201773,$159.65,$161.25,$157.3301
10/23/2023,$159.19,1503556,$161.15,$161.15,$158.87
10/20/2023,$161.59,1539788,$164.62,$164.62,$161.32
10/19/2023,$163.94,1778925,$167.95,$169.50,$163.39
10/18/2023,$168.11,2321526,$169.75,$173.465,$168.00
10/17/2023,$169.36,1670539,$168.31,$169.74,$167.735
10/16/2023,$167.65,1595927,$165.17,$167.985,$165.01
10/13/2023,$164.21,1548883,$161.98,$164.31,$161.05
10/12/2023,$160.73,883685,$162.81,$162.81,$159.95
10/11/2023,$162.41,905708,$162.20,$162.92,$161.09
10/10/2023,$162.23,1175870,$163.41,$163.71,$160.85
10/09/2023,$163.26,816944,$162.42,$163.77,$161.8516
10/06/2023,$162.95,1354413,$164.02,$164.266,$162.78
10/05/2023,$163.88,1316713,$162.28,$164.89,$162.02
10/04/2023,$162.50,1357188,$160.82,$162.58,$160.0501
10/03/2023,$160.92,1240747,$161.73,$162.52,$160.525
10/02/2023,$162.27,1120928,$163.09,$163.26,$161.04
09/29/2023,$163.31,1447223,$167.73,$167.73,$162.65
09/28/2023,$167.62,1098925,$168.42,$169.01,$166.64
09/27/2023,$167.92,1865830,$167.89,$168.625,$166.38
09/26/2023,$167.96,1010067,$167.28,$168.85,$166.64
09/25/2023,$167.84,610647,$166.39,$168.03,$166.38
09/22/2023,$167.84,933987,$168.77,$169.38,$167.74
09/21/2023,$168.61,1392639,$169.06,$170.30,$168.28
09/20/2023,$168.94,1350390,$167.67,$169.89,$167.18
09/19/2023,$167.19,1220308,$167.34,$167.925,$166.30
09/18/2023,$166.85,1244789,$164.95,$167.45,$163.85
09/15/2023,$164.80,2274058,$165.71,$166.00,$164.20
09/14/2023,$165.96,1228870,$164.82,$166.03,$164.2628
09/13/2023,$163.13,1509441,$163.56,$163.60,$161.75
09/12/2023,$162.77,809095,$161.42,$163.68,$160.97
09/11/2023,$161.13,812156,$160.10,$162.21,$159.95
09/08/2023,$159.89,881271,$160.98,$161.34,$159.21
09/07/2023,$160.67,945540,$160.25,$161.925,$160.17
09/06/2023,$160.61,1098879,$159.90,$161.73,$159.495
09/05/2023,$160.39,863297,$162.30,$162.67,$160.37
09/01/2023,$162.30,724892,$162.38,$163.41,$161.9164
08/31/2023,$161.23,1436893,$161.71,$161.98,$160.805
08/30/2023,$161.32,825100,$161.35,$162.32,$160.58
08/29/2023,$161.28,697219,$161.32,$161.49,$159.53
08/28/2023,$160.83,680359,$161.65,$162.36,$159.93
08/25/2023,$161.64,810394,$162.28,$162.91,$160.88
08/24/2023,$161.84,803175,$160.72,$163.21,$160.445
08/23/2023,$160.93,945012,$160.37,$161.07,$160.1171
08/22/2023,$159.94,1072645,$161.17,$162.14,$159.63
08/21/2023,$161.60,1372323,$162.39,$163.10,$160.07
08/18/2023,$162.47,938375,$163.26,$163.86,$162.24
08/17/2023,$163.41,1034324,$166.17,$166.62,$163.12
08/16/2023,$165.37,1010005,$163.77,$167.03,$163.54
08/15/2023,$163.48,895186,$164.99,$165.73,$163.15
08/14/2023,$166.27,874376,$166.76,$167.00,$165.40
08/11/2023,$166.86,890114,$166.40,$167.10,$165.82
08/10/2023,$166.94,1636766,$167.43,$169.005,$166.4925
08/09/2023,$167.29,1281620,$167.43,$168.80,$166.62
08/08/2023,$167.88,1130327,$169.08,$169.08,$166.94
08/07/2023,$170.12,1112731,$170.09,$171.66,$169.56
08/04/2023,$168.65,1740803,$169.13,$171.145,$167.99
08/03/2023,$169.40,1663945,$171.13,$171.59,$169.31
08/02/2023,$171.10,1376448,$171.95,$172.69,$170.31
08/01/2023,$172.31,1092099,$172.09,$172.95,$171.34
07/31/2023,$172.61,1092192,$173.20,$174.19,$171.69
07/28/2023,$173.26,1352879,$176.11,$176.52,$173.07
07/27/2023,$174.87,1546416,$175.01,$175.97,$173.61
07/26/2023,$174.16,1782338,$172.53,$175.00,$172.46
07/25/2023,$172.12,1211764,$173.96,$174.21,$171.99
07/24/2023,$174.84,1254062,$172.91,$175.54,$172.66
07/21/2023,$172.82,1129253,$174.42,$174.53,$171.65
07/20/2023,$173.63,2398542,$173.80,$176.21,$172.0401
07/19/2023,$170.56,1600097,$171.00,$172.15,$170.14
07/18/2023,$171.02,1381581,$167.97,$171.72,$167.97
07/17/2023,$168.59,1497332,$165.32,$169.00,$165.32
07/14/2023,$165.95,1517177,$168.35,$168.425,$164.75
07/13/2023,$168.22,1440162,$168.94,$170.13,$168.15
07/12/2023,$171.12,2412515,$173.39,$174.40,$170.25
07/11/2023,$172.36,1327831,$168.79,$172.4595,$168.79
07/10/2023,$169.07,1230146,$171.56,$172.37,$168.97
07/07/2023,$171.65,1258064,$170.46,$173.38,$170.41
07/06/2023,$170.91,1536539,$171.68,$171.68,$168.62
07/05/2023,$172.59,1258543,$171.50,$172.89,$170.26
07/03/2023,$173.09,536040,$172.34,$174.42,$171.84
06/30/2023,$173.66,1250301,$171.84,$174.04,$171.46
06/29/2023,$170.99,1305229,$167.93,$171.43,$167.24
06/28/2023,$168.37,1710836,$172.39,$172.39,$167.6691
06/27/2023,$172.59,1057496,$172.59,$173.95,$172.10
06/26/2023,$172.39,956771,$174.81,$174.81,$171.31
06/23/2023,$173.72,1657502,$174.05,$175.0973,$173.31
06/22/2023,$175.01,703413,$176.17,$176.17,$173.58
06/21/2023,$175.29,1183640,$175.75,$176.17,$173.865
06/20/2023,$175.56,970528,$176.26,$176.68,$174.05
06/16/2023,$176.75,2319044,$177.97,$177.97,$175.97
06/15/2023,$175.97,1385717,$173.75,$176.24,$173.75
06/14/2023,$173.55,1414686,$177.09,$177.32,$173.10
06/13/2023,$176.12,1004311,$174.76,$177.7292,$174.61
06/12/2023,$174.77,744822,$175.06,$175.75,$173.765
06/09/2023,$175.60,998341,$174.47,$175.92,$173.44
06/08/2023,$174.91,897324,$174.76,$175.36,$173.90
06/07/2023,$175.78,1192726,$174.82,$176.19,$173.28
06/06/2023,$174.95,727988,$174.06,$175.39,$173.77
06/05/2023,$174.37,1079726,$175.73,$175.645,$174.32
06/02/2023,$175.13,1680090,$172.14,$175.37,$171.33
06/01/2023,$171.30,1115663,$169.99,$171.92,$168.24
05/31/2023,$169.24,2497926,$172.33,$172.87,$169.00
05/30/2023,$173.29,1229656,$172.41,$173.44,$170.39
05/26/2023,$172.29,1172413,$172.43,$173.7293,$171.26
05/25/2023,$173.67,1112181,$174.44,$174.99,$172.81
05/24/2023,$175.99,1403509,$178.79,$178.86,$175.89
05/23/2023,$179.31,1288922,$180.96,$182.22,$179.205
05/22/2023,$181.10,945360,$183.16,$184.35,$180.84
05/19/2023,$183.72,1255821,$184.61,$185.77,$183.01
05/18/2023,$183.34,1129530,$181.76,$183.52,$180.47
05/17/2023,$181.68,992354,$182.29,$183.55,$181.31
05/16/2023,$181.51,621150,$182.70,$182.93,$180.79
05/15/2023,$182.81,672109,$182.76,$182.82,$181.14
05/12/2023,$182.09,652448,$184.07,$184.49,$181.11
05/11/2023,$182.81,727759,$182.20,$182.87,$181.33
05/10/2023,$183.16,830477,$183.88,$184.42,$181.19
05/09/2023,$183.75,1076604,$182.98,$185.505,$182.375
05/08/2023,$182.57,945839,$182.99,$183.7542,$181.9201
05/05/2023,$182.30,1016065,$180.60,$183.05,$180.325
05/04/2023,$179.14,1497006,$178.63,$180.11,$176.55
05/03/2023,$179.15,1001742,$181.77,$181.77,$178.98
05/02/2023,$180.53,1236569,$181.04,$181.41,$177.35
05/01/2023,$181.76,761730,$180.27,$183.12,$180.27
04/28/2023,$181.14,1052739,$179.19,$182.12,$179.19
04/27/2023,$180.25,1573670,$176.87,$180.685,$176.27
04/26/2023,$176.61,1168215,$175.82,$178.37,$175.82
04/25/2023,$177.32,1208700,$177.89,$180.12,$177.01
04/24/2023,$179.13,1015659,$179.51,$180.36,$178.34
04/21/2023,$179.50,1771213,$178.33,$180.47,$176.589
04/20/2023,$179.26,1486750,$183.29,$184.11,$178.43
04/19/2023,$182.57,3065090,$182.41,$185.32,$179.515
04/18/2023,$172.00,2298945,$171.82,$172.45,$170.45
04/17/2023,$171.28,1651549,$168.50,$171.28,$167.605
04/14/2023,$168.37,1506847,$173.05,$173.05,$167.00
04/13/2023,$173.20,1332283,$171.82,$173.35,$169.91
04/12/2023,$173.84,1005909,$173.86,$174.77,$172.30
04/11/2023,$173.55,1074162,$172.88,$174.205,$171.635
04/10/2023,$172.65,827076,$171.44,$172.85,$171.16
04/06/2023,$171.27,787160,$170.75,$171.795,$170.325
04/05/2023,$170.31,1228207,$167.66,$170.55,$167.13
04/04/2023,$168.63,1369878,$172.59,$173.40,$167.28
04/03/2023,$172.29,1280768,$171.02,$172.69,$170.90
03/31/2023,$171.41,1865724,$171.74,$172.33,$169.9889
03/30/2023,$170.82,1767456,$170.71,$171.0799,$168.86
03/29/2023,$169.86,1582521,$168.08,$169.94,$167.085
03/28/2023,$165.88,1221308,$165.61,$166.96,$164.865
03/27/2023,$166.35,1466615,$167.28,$167.82,$165.44
03/24/2023,$164.91,1200277,$162.50,$165.36,$161.33
03/23/2023,$163.86,1596174,$165.53,$166.725,$163.23
03/22/2023,$166.63,1285001,$171.70,$172.375,$166.54
03/21/2023,$171.75,1983304,$171.63,$172.565,$170.38
03/20/2023,$168.71,2037605,$166.25,$169.2503,$165.75
03/17/2023,$165.03,4491922,$170.15,$170.73,$164.07
03/16/2023,$172.21,2264221,$167.21,$172.905,$165.85
03/15/2023,$166.49,2459001,$166.90,$167.84,$163.72
03/14/2023,$171.76,2320414,$174.42,$174.42,$169.96
03/13/2023,$172.22,2612737,$173.25,$176.65,$171.465
03/10/2023,$175.68,2428867,$173.14,$178.15,$172.575
03/09/2023,$173.92,1405489,$177.21,$177.21,$173.34
03/08/2023,$177.77,971760,$180.80,$181.17,$177.01
03/07/2023,$180.37,980929,$183.53,$183.7106,$179.63
03/06/2023,$183.35,1053647,$183.43,$184.81,$183.06
03/03/2023,$183.59,1230767,$182.76,$183.75,$180.47
03/02/2023,$183.19,927753,$183.66,$183.98,$181.508
03/01/2023,$184.05,1111551,$183.99,$184.93,$182.71
02/28/2023,$185.12,1606044,$185.65,$186.10,$184.69
02/27/2023,$185.33,1195236,$185.76,$187.13,$184.44
02/24/2023,$185.33,1290850,$184.54,$185.86,$183.37
02/23/2023,$185.47,1024096,$186.46,$187.8188,$183.0801
02/22/2023,$186.12,1401566,$184.79,$187.36,$183.85
02/21/2023,$185.25,1402611,$185.42,$186.36,$184.14
02/17/2023,$185.75,1155370,$182.97,$186.4443,$182.51
02/16/2023,$183.06,883777,$184.36,$185.11,$182.76
02/15/2023,$185.22,715958,$184.21,$185.29,$183.40
02/14/2023,$184.13,999707,$187.82,$187.98,$183.15
02/13/2023,$187.60,1061305,$186.76,$188.10,$186.42
02/10/2023,$186.75,1066427,$185.86,$187.24,$185.63
02/09/2023,$185.36,1472329,$187.88,$189.285,$184.54
02/08/2023,$187.39,1258589,$188.31,$189.90,$187.00
02/07/2023,$189.01,1351758,$185.43,$189.47,$184.81
02/06/2023,$185.99,1452701,$181.69,$186.41,$181.69
02/03/2023,$182.76,1341920,$182.58,$183.45,$180.6901
02/02/2023,$181.75,2380966,$183.72,$184.115,$176.665
02/01/2023,$185.23,2406062,$188.99,$189.85,$182.87
01/31/2023,$191.12,1020726,$188.42,$191.17,$187.13
01/30/2023,$187.91,1659375,$188.49,$189.75,$187.10
01/27/2023,$188.76,1357396,$191.58,$191.58,$187.77
01/26/2023,$192.11,1652051,$191.00,$192.45,$190.26
01/25/2023,$190.74,2175218,$194.00,$194.51,$189.35
01/24/2023,$193.25,2637585,$186.02,$193.835,$185.02
01/23/2023,$186.36,1569113,$185.79,$187.34,$184.97
01/20/2023,$185.33,1625540,$184.37,$185.45,$182.03
01/19/2023,$184.04,1461587,$183.37,$184.42,$182.23
01/18/2023,$183.63,1750342,$184.72,$187.34,$183.54
01/17/2023,$185.00,3883754,$192.79,$193.03,$181.36
01/13/2023,$193.92,1005266,$191.38,$194.27,$190.39
01/12/2023,$191.99,761050,$192.11,$192.75,$189.69
01/11/2023,$191.63,956403,$191.95,$192.44,$190.47
01/10/2023,$191.22,959151,$190.46,$191.47,$188.53
01/09/2023,$189.12,1111556,$193.03,$193.59,$188.69
01/06/2023,$193.87,1282285,$189.63,$194.45,$189.555
01/05/2023,$187.55,973551,$187.05,$188.30,$185.446
01/04/2023,$187.23,1015317,$187.67,$189.02,$186.68
01/03/2023,$187.12,983435,$186.71,$187.39,$185.24
12/30/2022,$187.49,608165,$189.00,$189.38,$186.45
12/29/2022,$189.44,676542,$188.47,$190.04,$187.96
12/28/2022,$188.13,733415,$190.96,$191.22,$188.11
12/27/2022,$190.48,518748,$189.94,$191.15,$188.97
12/23/2022,$189.48,660799,$187.64,$189.91,$186.87
12/22/2022,$187.20,967217,$189.07,$189.19,$185.24
12/21/2022,$189.42,1242250,$187.51,$189.505,$187.01
12/20/2022,$185.79,1049684,$184.74,$186.72,$183.7875
12/19/2022,$183.51,927685,$183.08,$185.88,$182.50
12/16/2022,$182.80,3364354,$181.49,$183.80,$181.15
12/15/2022,$183.57,1241804,$185.52,$185.91,$182.94
12/14/2022,$186.64,963554,$187.16,$189.285,$185.74
12/13/2022,$187.05,1455172,$189.47,$189.47,$185.995
12/12/2022,$187.11,1249558,$185.63,$187.40,$185.04
12/09/2022,$185.65,843831,$187.64,$188.29,$185.55
12/08/2022,$187.72,848722,$187.87,$189.21,$186.97
12/07/2022,$188.05,1217906,$188.66,$191.16,$187.69
12/06/2022,$188.50,1199128,$187.55,$189.01,$187.30
12/05/2022,$187.21,1104538,$188.34,$188.68,$186.29
12/02/2022,$189.54,1294888,$188.02,$189.94,$187.79
12/01/2022,$189.14,1078024,$190.97,$191.02,$187.85
11/30/2022,$189.81,4132436,$185.88,$190.21,$184.555
11/29/2022,$187.21,1095418,$185.80,$187.77,$185.28
11/28/2022,$186.32,1467595,$188.42,$189.105,$186.05
11/25/2022,$188.91,514675,$188.90,$189.53,$187.68
11/23/2022,$188.01,1120286,$186.72,$188.33,$186.58
11/22/2022,$187.13,1137854,$187.00,$188.46,$185.61
11/21/2022,$185.55,1208190,$185.23,$186.50,$184.51
11/18/2022,$184.56,1470485,$184.47,$185.87,$183.24
11/17/2022,$182.93,1315198,$180.28,$183.865,$180.04
11/16/2022,$181.14,1073840,$179.41,$181.78,$178.96
11/15/2022,$179.50,1445910,$183.82,$183.82,$177.88
11/14/2022,$182.70,1427342,$182.11,$185.115,$181.69
11/11/2022,$181.73,1403314,$184.68,$185.58,$180.21
11/10/2022,$183.30,1617984,$184.89,$185.115,$181.38
11/09/2022,$182.15,999231,$185.22,$185.67,$181.92
11/08/2022,$184.90,1184448,$183.43,$185.645,$183.28
11/07/2022,$184.13,1272961,$183.75,$184.535,$182.92
11/04/2022,$183.06,1019232,$183.87,$184.55,$181.1903
11/03/2022,$181.82,1186333,$182.30,$182.923,$180.42
11/02/2022,$182.31,1837950,$182.11,$185.33,$181.84
11/01/2022,$182.78,2154468,$184.79,$185.29,$182.56
10/31/2022,$184.46,1544791,$181.92,$185.105,$181.28
10/28/2022,$181.96,1750695,$178.84,$182.14,$177.94
10/27/2022,$177.60,1143501,$177.67,$179.78,$177.31
10/26/2022,$176.40,1926188,$176.75,$177.24,$174.10
10/25/2022,$176.09,2059777,$177.73,$178.64,$175.64
10/24/2022,$179.79,1649773,$177.42,$180.11,$177.42
10/21/2022,$176.23,1471728,$171.70,$176.38,$171.10
10/20/2022,$170.87,1702212,$173.50,$173.87,$170.03
10/19/2022,$174.17,2176566,$167.75,$174.41,$167.01
10/18/2022,$166.77,1670071,$167.69,$167.69,$165.63
10/17/2022,$164.80,1460692,$164.76,$166.22,$163.21
10/14/2022,$163.30,1218805,$166.13,$166.7697,$162.70
10/13/2022,$165.51,1950718,$157.25,$166.555,$155.72
10/12/2022,$159.16,1221973,$159.10,$161.68,$158.19
10/11/2022,$159.46,1333292,$156.99,$161.18,$156.59
10/10/2022,$157.48,785410,$157.67,$159.14,$157.28
10/07/2022,$156.88,1058854,$158.68,$158.82,$156.34
10/06/2022,$159.19,949218,$160.18,$160.235,$158.26
10/05/2022,$160.54,807259,$160.13,$161.5448,$159.84
10/04/2022,$161.47,1063815,$157.72,$161.64,$157.23
10/03/2022,$157.07,1086547,$154.24,$157.54,$152.01
09/30/2022,$153.20,1400202,$155.04,$156.45,$152.94
09/29/2022,$154.68,1456536,$152.41,$155.27,$150.78
09/28/2022,$152.92,1672804,$151.92,$153.91,$151.17
09/27/2022,$151.24,1407947,$151.17,$152.02,$149.69
09/26/2022,$150.60,1435260,$155.56,$155.82,$149.6467
09/23/2022,$155.48,952823,$155.86,$156.62,$153.94
09/22/2022,$157.00,1132515,$157.83,$158.14,$155.54
09/21/2022,$157.06,1047170,$161.18,$161.785,$157.04
09/20/2022,$160.95,1367246,$163.00,$163.30,$158.77
09/19/2022,$164.29,1040087,$161.30,$164.364,$160.60
09/16/2022,$162.33,2493377,$162.04,$163.315,$161.21
09/15/2022,$164.16,1275805,$164.06,$165.46,$162.275
09/14/2022,$163.24,1509008,$162.59,$163.42,$161.59
09/13/2022,$162.22,1247230,$164.16,$164.88,$161.76
09/12/2022,$165.33,1444468,$164.82,$166.23,$164.26
09/09/2022,$164.15,1572744,$164.89,$165.244,$163.83
09/08/2022,$164.51,1404162,$162.65,$165.04,$161.84
09/07/2022,$164.02,1569942,$161.77,$164.77,$161.60
09/06/2022,$161.88,963462,$163.72,$164.30,$161.60
09/02/2022,$162.70,1244368,$164.82,$166.13,$161.78
09/01/2022,$163.30,1041390,$161.22,$164.30,$160.41
08/31/2022,$161.64,1514397,$163.63,$164.13,$161.62
08/30/2022,$163.46,953878,$165.17,$165.30,$163.26
08/29/2022,$165.36,819591,$165.22,$166.56,$163.457
08/26/2022,$166.84,1161471,$169.87,$169.87,$166.82
08/25/2022,$168.98,1231296,$168.73,$170.06,$168.00
08/24/2022,$168.49,723164,$167.94,$168.79,$167.235
08/23/2022,$168.29,847027,$169.71,$169.95,$168.03
08/22/2022,$169.14,949587,$171.36,$171.36,$168.77
08/19/2022,$172.64,1022219,$174.06,$174.62,$172.31
08/18/2022,$174.11,890482,$174.25,$174.77,$172.80
08/17/2022,$173.96,1564654,$172.69,$174.60,$172.69
08/16/2022,$173.52,1101509,$172.57,$174.165,$172.28
08/15/2022,$172.16,793279,$170.09,$172.38,$169.29
08/12/2022,$171.56,867370,$169.33,$171.63,$169.31
08/11/2022,$168.81,1301917,$166.00,$169.55,$166.00
08/10/2022,$165.01,1128768,$164.39,$165.39,$163.91
08/09/2022,$162.92,1022291,$161.35,$163.57,$160.48
08/08/2022,$159.98,915586,$160.00,$161.92,$159.70
08/05/2022,$158.96,882311,$158.27,$159.545,$157.97
08/04/2022,$157.70,968180,$157.62,$159.56,$156.89
08/03/2022,$158.12,1142599,$157.44,$158.53,$155.45
08/02/2022,$156.71,1656940,$156.62,$159.65,$155.99
08/01/2022,$156.27,1263324,$157.93,$158.19,$155.15
07/29/2022,$158.70,1361114,$156.05,$158.88,$156.05
07/28/2022,$155.74,1458797,$158.65,$158.89,$152.11
07/27/2022,$158.96,1456404,$161.32,$161.66,$157.26
07/26/2022,$160.86,1107482,$159.76,$160.96,$159.33
07/25/2022,$159.98,1176360,$158.49,$160.51,$157.57
07/22/2022,$156.42,880992,$157.14,$158.2099,$155.48
07/21/2022,$156.83,2080777,$157.18,$159.40,$152.17
07/20/2022,$158.20,1271755,$158.43,$158.63,$156.36
07/19/2022,$158.35,1288252,$156.36,$158.58,$155.82
07/18/2022,$154.99,1098027,$157.24,$157.905,$154.565
07/15/2022,$156.18,1561978,$157.13,$158.12,$155.5101
07/14/2022,$155.68,1654529,$159.39,$160.025,$155.31
07/13/2022,$163.32,1022300,$164.41,$165.48,$162.77
07/12/2022,$165.28,1032133,$167.18,$169.09,$164.79
07/11/2022,$168.52,883144,$168.13,$170.42,$168.09
07/08/2022,$169.00,689869,$170.34,$171.12,$168.92
07/07/2022,$169.63,1155052,$172.00,$173.21,$169.42
07/06/2022,$169.90,1366778,$166.78,$171.35,$166.705
07/05/2022,$167.20,1028050,$169.02,$169.02,$163.93
07/01/2022,$171.18,1033561,$168.82,$171.96,$167.45
06/30/2022,$169.13,1336100,$164.61,$169.50,$163.66
06/29/2022,$165.80,719783,$167.98,$168.45,$165.53
06/28/2022,$167.47,1061739,$168.43,$170.645,$167.42
06/27/2022,$167.49,762132,$167.33,$168.23,$166.38
06/24/2022,$166.72,1296795,$160.25,$167.085,$160.25
06/23/2022,$159.77,1278651,$162.76,$163.78,$158.35
06/22/2022,$163.15,997332,$160.87,$164.374,$160.35
06/21/2022,$162.63,1136878,$164.73,$164.73,$161.25
06/17/2022,$161.88,2366792,$161.04,$162.59,$160.24
06/16/2022,$161.38,1451106,$163.26,$163.66,$160.87
06/15/2022,$165.54,1374646,$167.50,$168.96,$163.56
06/14/2022,$166.31,1318775,$169.05,$169.32,$165.05
06/13/2022,$167.71,1784768,$167.12,$171.125,$166.79
06/10/2022,$169.30,1181965,$168.95,$170.81,$168.08
06/09/2022,$171.53,809729,$175.90,$175.90,$171.46
06/08/2022,$175.97,669692,$177.55,$178.11,$175.32
06/07/2022,$178.64,944519,$176.76,$178.73,$175.67
06/06/2022,$176.98,753333,$175.07,$177.41,$174.28
06/03/2022,$174.19,1141152,$175.46,$176.89,$173.69
06/02/2022,$178.06,868890,$176.94,$178.199,$173.82
06/01/2022,$176.29,1084576,$178.03,$178.70,$174.99
05/31/2022,$179.04,1948403,$177.11,$179.96,$175.75
05/27/2022,$177.83,943529,$174.98,$177.85,$174.06
05/26/2022,$174.87,943140,$174.32,$175.49,$173.81
05/25/2022,$173.59,1192305,$172.39,$174.185,$172.39
05/24/2022,$173.91,1008145,$172.22,$174.27,$169.16
05/23/2022,$172.10,1453761,$170.25,$172.845,$168.96
05/20/2022,$168.24,1959723,$169.59,$170.34,$166.31
05/19/2022,$169.30,1110871,$172.93,$173.50,$167.339
05/18/2022,$174.32,1094283,$176.82,$177.11,$173.95
05/17/2022,$177.39,1300907,$175.49,$177.6286,$174.27
05/16/2022,$174.50,1259036,$173.00,$175.53,$172.84
05/13/2022,$172.78,1189660,$173.71,$174.23,$171.37
05/12/2022,$173.37,1315268,$173.41,$173.66,$171.225
05/11/2022,$172.38,1169973,$173.05,$175.57,$172.30
05/10/2022,$172.99,1468332,$173.21,$175.28,$171.44
05/09/2022,$171.92,2043459,$170.93,$173.561,$170.44
05/06/2022,$171.64,1216662,$172.63,$172.63,$170.185
05/05/2022,$172.01,1486395,$175.43,$175.43,$170.96
05/04/2022,$175.45,1474134,$171.64,$175.56,$171.44
05/03/2022,$171.76,1077553,$170.17,$173.39,$170.03
05/02/2022,$170.09,1496615,$171.47,$172.45,$167.64
04/29/2022,$171.06,1329693,$173.94,$174.25,$170.66
04/28/2022,$174.50,1021841,$175.00,$175.00,$172.18
04/27/2022,$173.55,1827528,$173.84,$174.96,$171.635
04/26/2022,$172.66,1807138,$173.83,$175.792,$172.59
04/25/2022,$174.44,1502559,$172.45,$174.94,$170.63
04/22/2022,$173.11,1541449,$175.75,$175.75,$172.91
04/21/2022,$176.26,1846797,$179.38,$179.77,$175.96
04/20/2022,$177.71,2340253,$176.90,$177.99,$174.17
04/19/2022,$176.16,2750303,$182.10,$183.5194,$174.51
04/18/2022,$185.22,1351629,$184.65,$186.08,$184.25
04/14/2022,$184.24,992122,$183.79,$185.01,$183.45
04/13/2022,$183.71,847338,$184.82,$185.91,$181.71
04/12/2022,$184.94,1116674,$184.55,$187.02,$184.41
04/11/2022,$185.64,1219475,$185.92,$187.59,$185.28
04/08/2022,$184.86,1120587,$183.74,$185.22,$182.16
04/07/2022,$182.09,874756,$182.25,$182.80,$180.08
04/06/2022,$182.58,1021514,$180.31,$183.96,$180.22
04/05/2022,$181.39,835425,$182.45,$184.59,$180.95
04/04/2022,$181.82,1026170,$185.00,$185.00,$181.51
04/01/2022,$185.25,1079843,$184.41,$185.45,$182.59
03/31/2022,$182.73,1178097,$185.96,$186.52,$182.71
03/30/2022,$185.55,959088,$183.76,$185.57,$183.075
03/29/2022,$183.81,1369874,$187.60,$187.61,$182.7404
03/28/2022,$186.76,593645,$187.98,$187.98,$185.56
03/25/2022,$187.75,855572,$184.19,$187.78,$184.04
03/24/2022,$184.22,959283,$182.13,$184.36,$181.26
03/23/2022,$181.62,937494,$182.52,$183.83,$181.53
03/22/2022,$182.70,1423022,$183.87,$184.40,$181.455
03/21/2022,$182.54,1383929,$181.45,$183.46,$181.11
03/18/2022,$180.31,3953804,$180.48,$180.48,$177.275
03/17/2022,$181.03,1641899,$178.88,$181.10,$176.46
03/16/2022,$179.29,1923250,$180.66,$181.17,$176.68
03/15/2022,$180.19,1730555,$178.24,$180.6561,$177.15
03/14/2022,$177.18,1945565,$175.58,$178.61,$175.28
03/11/2022,$173.73,1391651,$173.59,$175.95,$173.44
03/10/2022,$171.89,1445853,$169.33,$172.27,$169.20
03/09/2022,$171.37,1358921,$170.87,$172.95,$170.41
03/08/2022,$168.45,1510317,$170.57,$172.82,$168.28
03/07/2022,$169.79,1394882,$171.81,$172.66,$169.74
03/04/2022,$173.40,1156801,$171.21,$173.96,$169.51
03/03/2022,$173.60,1170981,$173.76,$174.90,$172.01
03/02/2022,$173.68,1441749,$168.81,$174.615,$168.69
03/01/2022,$167.82,1677818,$171.99,$172.03,$166.61
02/28/2022,$171.83,1866586,$167.55,$172.06,$167.55
02/25/2022,$173.44,1508100,$167.44,$173.49,$167.05
02/24/2022,$166.50,2460895,$166.25,$166.79,$162.80
02/23/2022,$170.14,1374103,$171.61,$172.97,$170.02
02/22/2022,$171.08,1835928,$170.62,$172.0532,$169.52
02/18/2022,$170.63,1166355,$169.46,$172.005,$169.45
02/17/2022,$170.59,1126443,$171.31,$171.665,$168.95
02/16/2022,$172.27,1224584,$170.90,$173.18,$170.83
02/15/2022,$171.60,1174794,$171.23,$172.57,$170.77
02/14/2022,$170.77,1673375,$172.71,$173.39,$168.80
02/11/2022,$171.76,1460284,$171.69,$173.9452,$170.89
02/10/2022,$172.43,1587074,$172.73,$174.55,$171.94
02/09/2022,$172.73,1512475,$173.05,$174.26,$172.245
02/08/2022,$172.50,2331541,$172.68,$173.445,$171.09
02/07/2022,$171.33,1635025,$171.69,$172.56,$169.23
02/04/2022,$171.90,1615880,$172.36,$173.47,$171.18
02/03/2022,$172.07,1280314,$173.20,$173.825,$171.79
02/02/2022,$172.72,1827619,$168.06,$173.11,$167.73
02/01/2022,$167.99,1290270,$166.48,$168.32,$165.3546
01/31/2022,$166.18,1404118,$164.88,$166.34,$163.73
01/28/2022,$166.82,1233479,$166.09,$166.84,$163.42
01/27/2022,$165.66,2161876,$168.81,$171.4637,$164.60
01/26/2022,$167.86,2194110,$168.34,$169.49,$166.32
01/25/2022,$168.60,2210394,$168.59,$169.5662,$163.78
01/24/2022,$168.83,3233798,$162.00,$169.25,$160.905
01/21/2022,$162.61,2190024,$165.33,$167.08,$162.26
01/20/2022,$165.18,2831866,$162.44,$169.49,$162.00
01/19/2022,$160.07,1466979,$164.73,$164.73,$160.07
01/18/2022,$163.57,1806713,$163.52,$164.40,$161.48
01/14/2022,$163.21,1263219,$162.51,$163.51,$161.19
01/13/2022,$163.05,864962,$163.41,$164.71,$162.55
01/12/2022,$162.97,1060573,$163.33,$164.18,$162.025
01/11/2022,$163.16,1194256,$164.71,$164.84,$160.44
01/10/2022,$164.06,1142228,$167.62,$168.31,$162.93
01/07/2022,$166.24,1699659,$162.255,$166.68,$161.49
01/06/2022,$162.33,1390210,$163.23,$163.28,$161.72
01/05/2022,$159.77,1838469,$160.50,$161.61,$159.73
01/04/2022,$159.00,1684639,$157.55,$160.36,$157.21
01/03/2022,$155.75,1103442,$156.92,$157.24,$154.93
12/31/2021,$156.43,682402,$156.53,$157.11,$156.11
12/30/2021,$156.81,420404,$157.86,$158.42,$156.71
12/29/2021,$157.50,683415,$157.65,$158.00,$157.12
12/28/2021,$157.12,914519,$156.03,$157.74,$156.03
12/27/2021,$156.04,655147,$154.51,$156.10,$153.4401
12/23/2021,$154.65,1714985,$154.99,$156.18,$154.49
12/22/2021,$154.69,951678,$155.48,$156.04,$154.46
12/21/2021,$155.52,1029794,$154.46,$157.22,$154.46
12/20/2021,$153.53,1811873,$156.29,$156.44,$151.97
12/17/2021,$158.19,3435122,$161.82,$161.82,$158.02
12/16/2021,$162.02,2574781,$160.03,$163.00,$159.09
12/15/2021,$158.37,1648919,$156.84,$159.06,$155.35
12/14/2021,$156.73,2033200,$153.47,$158.22,$153.21
12/13/2021,$153.18,1106112,$154.39,$154.46,$152.47
12/10/2021,$154.25,940201,$154.52,$154.81,$153.36
12/09/2021,$153.49,1064721,$152.68,$154.4814,$151.94
12/08/2021,$153.68,1144780,$153.30,$154.49,$152.554
12/07/2021,$153.09,1175825,$152.34,$153.49,$151.80
12/06/2021,$151.82,1717640,$150.43,$153.02,$150.34
12/03/2021,$149.16,1380493,$150.02,$150.95,$147.70
12/02/2021,$150.16,1413484,$146.70,$150.77,$146.27
12/01/2021,$145.48,1624929,$149.77,$151.27,$145.40
11/30/2021,$146.95,3522778,$150.52,$150.98,$146.54
11/29/2021,$152.40,1468068,$155.33,$155.33,$151.81
11/26/2021,$153.66,1262533,$154.40,$155.13,$151.56
11/24/2021,$158.97,1139745,$160.17,$160.81,$158.86
11/23/2021,$160.26,1441772,$158.54,$161.47,$157.53
11/22/2021,$156.87,2021009,$153.11,$158.103,$152.18
11/19/2021,$152.53,1619790,$155.21,$155.37,$152.47
11/18/2021,$156.03,2103785,$156.80,$157.81,$155.94
11/17/2021,$156.42,1594384,$158.55,$158.55,$156.16
11/16/2021,$158.99,1452228,$158.64,$160.32,$158.455
11/15/2021,$158.06,1169955,$158.01,$159.09,$157.38
11/12/2021,$157.42,985929,$157.98,$158.445,$156.94
11/11/2021,$157.83,856007,$157.70,$158.295,$157.24
11/10/2021,$158.22,910043,$157.68,$160.58,$157.33
11/09/2021,$157.40,1000748,$158.12,$159.00,$157.27
11/08/2021,$158.70,937369,$160.21,$160.88,$158.61
11/05/2021,$159.60,1506205,$157.74,$160.434,$156.93
11/04/2021,$156.50,1526204,$160.25,$160.37,$156.12
11/03/2021,$160.25,1728731,$158.22,$161.25,$158.22
11/02/2021,$158.82,994533,$161.14,$161.69,$158.75
11/01/2021,$160.11,1077493,$161.25,$162.37,$159.065
10/29/2021,$160.88,1314132,$162.13,$162.44,$160.66
10/28/2021,$161.57,1260015,$160.22,$162.45,$160.06
10/27/2021,$159.78,1217201,$160.74,$162.11,$159.73
10/26/2021,$160.43,847661,$161.77,$162.42,$160.36
10/25/2021,$161.58,1041198,$162.00,$162.455,$160.865
10/22/2021,$162.37,1362760,$160.89,$163.155,$160.80
10/21/2021,$160.19,1464616,$158.165,$160.72,$158.165
10/20/2021,$158.69,1548348,$155.81,$159.50,$155.66
10/19/2021,$155.39,2380202,$156.21,$158.27,$154.89
10/18/2021,$152.88,1599266,$154.42,$154.695,$152.16
10/15/2021,$155.64,1040363,$157.16,$158.46,$155.56
10/14/2021,$156.69,1346410,$156.64,$157.83,$156.07
10/13/2021,$156.39,1203692,$156.35,$156.735,$153.56
10/12/2021,$156.48,1401964,$156.12,$158.09,$155.52
10/11/2021,$156.23,796916,$157.30,$158.74,$156.18
10/08/2021,$157.33,989856,$157.35,$158.45,$156.37
10/07/2021,$157.24,1359626,$156.67,$158.155,$155.98
10/06/2021,$155.09,1200812,$152.70,$155.15,$150.50
10/05/2021,$153.60,1144470,$152.82,$154.18,$150.84
10/04/2021,$151.38,1310058,$151.31,$153.65,$150.255
10/01/2021,$152.42,1145600,$152.41,$153.85,$150.29
09/30/2021,$152.01,1095282,$155.52,$156.35,$151.98
09/29/2021,$154.88,856806,$152.87,$155.625,$152.29
09/28/2021,$153.49,951285,$156.36,$157.1173,$153.18
09/27/2021,$156.29,1106294,$157.69,$158.15,$156.17
09/24/2021,$156.46,833645,$155.97,$156.78,$155.48
09/23/2021,$156.02,821862,$155.57,$157.365,$155.46
09/22/2021,$154.38,1440770,$154.10,$155.58,$153.28
09/21/2021,$152.97,1212694,$153.19,$154.22,$151.681
09/20/2021,$152.66,1958027,$153.20,$154.07,$150.59
09/17/2021,$156.29,2654937,$156.59,$157.84,$155.65
09/16/2021,$156.67,1238283,$157.56,$158.02,$155.50
09/15/2021,$157.58,1401259,$156.78,$157.82,$155.705
09/14/2021,$156.35,1186731,$159.19,$159.32,$155.89
09/13/2021,$158.90,1225267,$156.98,$159.03,$156.07
09/10/2021,$156.36,920522,$158.73,$158.90,$156.32
09/09/2021,$157.96,1161785,$158.01,$159.62,$157.39
09/08/2021,$158.74,1328618,$157.40,$159.83,$156.96
09/07/2021,$157.80,1032153,$158.95,$159.46,$156.65
09/03/2021,$159.17,698865,$159.23,$159.95,$158.40
09/02/2021,$159.97,912675,$159.72,$160.10,$158.25
09/01/2021,$159.28,1133764,$159.43,$160.23,$158.21
08/31/2021,$159.71,1568677,$158.85,$160.80,$158.71
08/30/2021,$159.44,460668,$161.74,$161.74,$159.43
08/27/2021,$162.09,607971,$160.16,$162.27,$160.16
08/26/2021,$159.97,734058,$162.50,$162.78,$159.94
08/25/2021,$162.58,1034556,$160.77,$163.29,$160.40
08/24/2021,$160.64,791328,$160.16,$161.05,$159.77
08/23/2021,$159.90,622662,$161.51,$162.33,$159.83
08/20/2021,$160.84,978525,$159.25,$162.20,$158.81
08/19/2021,$159.48,1105048,$158.32,$161.05,$158.085
08/18/2021,$158.72,1290661,$157.98,$160.48,$157.66
08/17/2021,$158.90,875590,$157.58,$159.38,$157.33
08/16/2021,$157.74,980352,$156.31,$157.94,$155.48
08/13/2021,$156.31,594431,$156.64,$157.10,$155.67
08/12/2021,$156.49,722784,$157.00,$157.12,$155.31
08/11/2021,$156.21,757739,$154.89,$156.28,$154.39
08/10/2021,$154.22,851995,$153.12,$155.16,$153.02
08/09/2021,$153.37,680086,$152.89,$153.91,$152.08
08/06/2021,$152.82,634145,$151.86,$153.38,$151.53
08/05/2021,$150.58,716760,$150.38,$151.545,$149.43
08/04/2021,$149.52,863496,$149.98,$150.63,$149.26
08/03/2021,$150.39,890015,$149.08,$150.46,$147.5003
08/02/2021,$148.95,898645,$149.82,$151.80,$148.68
07/30/2021,$148.92,984071,$148.76,$150.55,$148.32
07/29/2021,$148.88,1221708,$147.45,$149.00,$145.98
07/28/2021,$146.82,1427761,$149.84,$150.25,$146.07
07/27/2021,$149.38,861324,$148.12,$150.12,$147.55
07/26/2021,$148.82,1320233,$147.98,$149.88,$147.79
07/23/2021,$147.87,1181402,$148.93,$150.13,$146.755
07/22/2021,$147.76,1540558,$148.00,$149.77,$147.195
07/21/2021,$151.84,1307613,$152.36,$154.50,$151.5571
07/20/2021,$151.09,2367725,$151.31,$154.41,$148.04
07/19/2021,$151.26,1947981,$153.93,$155.10,$149.72
07/16/2021,$156.39,1387731,$156.07,$156.95,$154.78
07/15/2021,$155.58,1358693,$152.71,$155.75,$152.45
07/14/2021,$154.53,1436619,$153.35,$154.78,$152.81
07/13/2021,$152.99,1066437,$153.57,$154.68,$152.68
07/12/2021,$154.09,1076364,$154.15,$154.61,$152.715
07/09/2021,$153.33,988173,$151.07,$153.38,$150.39
07/08/2021,$148.52,1346539,$150.14,$151.04,$147.91
07/07/2021,$152.19,800964,$150.07,$152.50,$149.495
07/06/2021,$150.84,1006458,$151.17,$151.64,$148.365
07/02/2021,$151.23,662018,$150.80,$151.61,$150.46
07/01/2021,$151.83,855899,$150.00,$152.18,$149.25
06/30/2021,$149.71,996881,$149.14,$150.17,$148.90
06/29/2021,$149.52,701450,$150.29,$151.00,$148.90
06/28/2021,$149.45,873304,$151.21,$151.355,$148.74
06/25/2021,$151.72,1239738,$150.71,$151.96,$150.10
06/24/2021,$149.97,1026932,$148.90,$150.50,$148.29
06/23/2021,$147.90,649648,$148.84,$148.95,$147.83
06/22/2021,$148.30,727492,$148.53,$149.19,$147.14
06/21/2021,$148.65,931205,$146.37,$149.00,$145.81
06/18/2021,$144.76,3109210,$146.84,$147.52,$144.44
06/17/2021,$148.87,1108939,$153.24,$153.57,$148.60
06/16/2021,$152.79,1156198,$153.90,$155.1854,$152.68
06/15/2021,$154.62,864729,$153.87,$155.415,$152.69
06/14/2021,$153.25,880636,$154.25,$154.40,$152.58
06/11/2021,$154.48,933791,$153.90,$155.82,$153.90
06/10/2021,$154.02,900476,$155.63,$155.89,$153.93
06/09/2021,$154.74,1099903,$156.07,$156.2606,$154.50
06/08/2021,$157.54,988276,$157.19,$157.9294,$155.83
06/07/2021,$157.76,980536,$160.43,$160.43,$157.64
06/04/2021,$160.00,959968,$160.58,$161.00,$159.05
06/03/2021,$161.00,812470,$159.91,$162.25,$158.95
06/02/2021,$160.20,975998,$161.68,$161.74,$159.89
06/01/2021,$160.89,901344,$161.12,$161.99,$160.26
05/28/2021,$159.70,963346,$160.40,$160.40,$158.96
05/27/2021,$159.35,2438771,$158.28,$159.48,$157.73
05/26/2021,$157.14,1014012,$157.00,$157.835,$156.58
05/25/2021,$156.55,1238563,$158.84,$159.50,$156.08
05/24/2021,$158.73,890835,$159.40,$160.20,$158.29
05/21/2021,$159.08,906992,$159.09,$160.9543,$158.33
05/20/2021,$158.81,1067051,$157.21,$159.64,$156.51
05/19/2021,$157.00,1332691,$156.77,$157.36,$154.11
05/18/2021,$157.29,1377480,$159.60,$159.64,$157.20
05/17/2021,$160.25,937952,$159.36,$160.69,$158.96
05/14/2021,$160.51,1001235,$157.76,$160.86,$157.425
05/13/2021,$157.76,1315516,$152.81,$158.74,$152.7491
05/12/2021,$153.75,1343273,$157.66,$157.665,$153.66
05/11/2021,$156.69,1180231,$161.87,$161.91,$156.32
05/10/2021,$161.67,1214508,$161.59,$162.71,$161.09
05/07/2021,$160.81,1057297,$158.30,$161.10,$158.14
05/06/2021,$160.50,1007611,$160.00,$160.85,$159.16
05/05/2021,$159.29,1089982,$158.12,$159.68,$156.25
05/04/2021,$158.53,1389921,$156.39,$158.69,$155.97
05/03/2021,$156.59,1094269,$156.11,$158.08,$155.71
04/30/2021,$154.66,952301,$155.53,$156.60,$153.90
04/29/2021,$155.70,876976,$154.76,$155.82,$154.32
04/28/2021,$153.79,1167505,$155.73,$155.89,$152.85
04/27/2021,$155.20,1339432,$155.71,$156.44,$154.56
04/26/2021,$155.73,1033247,$157.84,$158.11,$155.43
04/23/2021,$157.84,1079591,$156.54,$158.34,$156.01
04/22/2021,$155.87,1446042,$156.71,$157.32,$154.31
04/21/2021,$157.38,859634,$156.28,$157.755,$156.03
04/20/2021,$155.73,1840901,$154.93,$157.40,$153.84
04/19/2021,$154.38,1123191,$156.58,$157.955,$153.57
04/16/2021,$155.95,1315493,$154.67,$156.46,$154.67
04/15/2021,$154.36,1181349,$155.53,$155.97,$153.78
04/14/2021,$155.43,1850725,$152.42,$156.35,$152.00
04/13/2021,$152.21,1911328,$151.21,$152.395,$150.535
04/12/2021,$151.84,1232201,$151.89,$152.2225,$151.27
04/09/2021,$151.65,1377603,$151.52,$152.55,$150.96
04/08/2021,$150.36,1740665,$150.79,$151.12,$149.53
04/07/2021,$152.29,1694223,$151.79,$152.45,$151.01
04/06/2021,$151.75,1349217,$152.03,$153.94,$151.45
04/05/2021,$152.03,1260671,$152.25,$152.43,$150.60
04/01/2021,$150.62,1679994,$150.25,$151.30,$149.46
03/31/2021,$150.40,1705257,$154.03,$154.13,$150.25
03/30/2021,$154.03,923975,$154.57,$155.23,$153.30
03/29/2021,$153.85,1393715,$151.81,$154.50,$150.77
03/26/2021,$153.64,1122997,$153.70,$153.86,$151.50
03/25/2021,$152.78,1402278,$149.88,$153.14,$147.9201
03/24/2021,$149.28,1995977,$147.69,$151.07,$147.46
03/23/2021,$147.00,1616498,$147.65,$149.41,$146.79
03/22/2021,$147.59,1381763,$149.15,$149.52,$146.76
03/19/2021,$149.30,4099236,$156.25,$156.25,$148.88
03/18/2021,$156.83,2301610,$159.80,$161.185,$156.35
03/17/2021,$157.92,1393847,$157.15,$158.18,$155.54
03/16/2021,$156.47,1049072,$156.87,$156.87,$154.41
03/15/2021,$157.34,873687,$155.97,$157.50,$155.60
03/12/2021,$157.27,1313305,$157.05,$159.035,$155.97
03/11/2021,$155.09,2105447,$153.88,$155.37,$152.17
03/10/2021,$155.38,1491846,$153.56,$156.43,$153.05
03/09/2021,$153.82,1420074,$154.42,$155.96,$152.78
03/08/2021,$155.75,1374787,$153.00,$157.25,$152.47
03/05/2021,$152.36,1458697,$150.45,$153.215,$149.22
03/04/2021,$149.02,1107027,$150.62,$152.02,$147.56
03/03/2021,$150.71,1226261,$149.11,$152.15,$148.7075
03/02/2021,$149.12,1221397,$149.84,$150.92,$149.02
03/01/2021,$150.39,1186226,$147.00,$151.01,$147.00
02/26/2021,$145.50,1529137,$148.09,$148.175,$145.175
02/25/2021,$148.00,1259934,$151.31,$151.48,$147.87
02/24/2021,$150.96,1484495,$148.69,$151.24,$148.69
02/23/2021,$149.33,949275,$149.37,$149.96,$147.20
02/22/2021,$147.87,1243925,$145.83,$148.00,$144.89
02/19/2021,$145.91,1124693,$148.14,$148.17,$145.74
02/18/2021,$147.69,918246,$148.31,$148.41,$146.36
02/17/2021,$148.45,924272,$146.91,$148.82,$146.76
02/16/2021,$147.42,1122063,$147.01,$147.9155,$145.6724
02/12/2021,$145.96,1312981,$145.84,$147.14,$144.84
02/11/2021,$146.34,887403,$146.00,$147.18,$145.58
02/10/2021,$145.93,1528639,$147.21,$147.69,$145.33
02/09/2021,$147.16,795512,$146.13,$147.17,$145.675
02/08/2021,$146.20,756149,$144.58,$146.24,$143.85
02/05/2021,$144.84,933621,$144.66,$146.475,$143.57
02/04/2021,$143.93,2701428,$139.24,$144.18,$138.79
02/03/2021,$138.66,1083415,$139.41,$140.35,$138.02
02/02/2021,$139.83,1403778,$139.16,$140.69,$138.25
02/01/2021,$138.21,1232214,$137.08,$138.50,$135.89
01/29/2021,$136.30,2277122,$138.97,$138.97,$135.87
01/28/2021,$140.00,1680720,$140.28,$141.38,$139.11
01/27/2021,$139.50,1637625,$141.87,$143.915,$139.30
01/26/2021,$143.71,1277366,$146.81,$147.56,$143.69
01/25/2021,$146.36,1284839,$144.50,$146.56,$143.26
01/22/2021,$145.84,1237974,$146.84,$147.965,$144.45
01/21/2021,$148.72,2835427,$148.13,$152.293,$147.1007
01/20/2021,$145.02,1929792,$143.28,$145.55,$142.665
01/19/2021,$143.51,1616686,$143.63,$144.29,$142.0401
01/15/2021,$143.24,1915888,$141.84,$144.12,$141.07
01/14/2021,$142.32,1622072,$142.43,$143.13,$141.11
01/13/2021,$142.25,1409227,$140.01,$142.74,$139.60
01/12/2021,$140.42,830056,$137.53,$140.71,$137.37
01/11/2021,$137.43,1017195,$138.68,$139.35,$137.22
01/08/2021,$139.65,995235,$139.21,$139.77,$137.90
01/07/2021,$139.07,1258134,$139.52,$139.72,$137.72
01/06/2021,$139.10,1278851,$136.13,$139.14,$135.46
01/05/2021,$134.53,937696,$135.72,$136.4476,$133.12
01/04/2021,$135.65,1559750,$140.63,$140.66,$134.3201
12/31/2020,$140.37,970233,$139.08,$140.54,$138.11
12/30/2020,$139.08,1253803,$138.95,$139.90,$138.85
12/29/2020,$138.35,859026,$139.58,$139.65,$138.025
12/28/2020,$139.19,1100429,$138.83,$139.88,$138.47
12/24/2020,$138.49,416790,$138.06,$138.64,$136.84
12/23/2020,$137.95,1901516,$137.29,$138.555,$136.91
12/22/2020,$136.48,1186613,$137.54,$137.90,$136.26
12/21/2020,$138.15,1373175,$139.15,$139.15,$136.2585
12/18/2020,$138.86,3347120,$138.59,$139.78,$137.50
12/17/2020,$138.03,1428834,$137.75,$138.83,$137.75
12/16/2020,$137.44,1253302,$137.73,$137.97,$136.22
12/15/2020,$137.26,975580,$134.71,$137.32,$134.32
12/14/2020,$133.99,1344707,$136.19,$136.78,$133.67
12/11/2020,$134.95,1273491,$134.80,$136.65,$133.66
12/10/2020,$136.71,1352869,$134.48,$137.54,$134.40
12/09/2020,$134.91,1600270,$134.90,$135.81,$134.39
12/08/2020,$135.26,1113499,$133.07,$135.80,$132.75
12/07/2020,$133.90,970894,$134.62,$135.05,$133.43
12/04/2020,$136.16,934619,$135.54,$136.19,$134.21
12/03/2020,$135.09,980802,$133.75,$135.62,$132.43
12/02/2020,$134.04,948356,$132.58,$134.28,$132.42
12/01/2020,$133.41,1218286,$132.51,$134.24,$131.99
11/30/2020,$129.65,2684264,$133.16,$134.00,$129.57
11/27/2020,$134.44,537957,$135.68,$135.68,$133.5508
11/25/2020,$136.02,986670,$135.56,$136.50,$134.03
11/24/2020,$136.39,2098955,$136.80,$136.94,$134.76
11/23/2020,$134.63,917997,$135.56,$135.56,$133.63
11/20/2020,$134.55,1322395,$132.95,$134.80,$132.68
11/19/2020,$133.87,1118795,$133.12,$134.18,$131.46
11/18/2020,$134.37,1333166,$135.44,$137.28,$134.26
11/17/2020,$135.04,1217997,$136.08,$136.18,$134.08
11/16/2020,$136.29,1163462,$137.80,$138.98,$134.98
11/13/2020,$134.63,1135028,$133.77,$135.09,$132.63
11/12/2020,$132.40,1290254,$133.98,$133.98,$131.19
11/11/2020,$134.96,966305,$136.09,$136.605,$133.855
11/10/2020,$136.36,1591089,$135.28,$136.82,$134.10
11/09/2020,$134.28,2734294,$138.45,$138.47,$134.13
11/06/2020,$127.00,1044186,$127.84,$129.08,$126.57
11/05/2020,$127.51,1363004,$124.03,$128.55,$123.635
11/04/2020,$123.40,2424056,$122.70,$127.11,$122.51
11/03/2020,$126.34,1546196,$125.50,$127.51,$125.11
11/02/2020,$123.92,1765749,$123.07,$124.305,$120.42
10/30/2020,$120.71,2630284,$121.67,$122.79,$118.85
10/29/2020,$122.46,2595814,$121.04,$123.74,$118.92
10/28/2020,$121.50,2899762,$117.18,$122.32,$116.71
10/27/2020,$119.09,1159015,$121.02,$122.45,$119.03
10/26/2020,$121.54,1331803,$123.85,$124.015,$120.51
10/23/2020,$125.97,1375888,$127.43,$127.55,$123.82
10/22/2020,$126.14,2266987,$123.32,$126.86,$122.875
10/21/2020,$125.00,2965247,$118.50,$125.18,$118.12
10/20/2020,$118.11,2300827,$115.58,$118.45,$114.20
10/19/2020,$111.84,1191535,$113.51,$114.37,$111.69
10/16/2020,$113.32,1641111,$112.79,$114.26,$111.69
10/15/2020,$112.64,1238862,$110.58,$113.06,$109.62
10/14/2020,$112.03,1070115,$112.76,$114.46,$112.00
10/13/2020,$112.89,1230222,$115.51,$116.17,$112.32
10/12/2020,$116.54,1370834,$114.35,$116.92,$114.055
10/09/2020,$115.83,903823,$116.44,$116.98,$115.23
10/08/2020,$115.62,734362,$114.85,$116.95,$114.35
10/07/2020,$113.80,1387999,$112.08,$114.34,$112.08
10/06/2020,$111.53,1491809,$112.55,$113.31,$110.79
10/05/2020,$111.91,1296338,$110.55,$112.03,$109.55
10/02/2020,$108.58,1220255,$106.69,$109.49,$106.46
10/01/2020,$107.81,1323588,$108.18,$109.00,$106.26
09/30/2020,$108.19,1595813,$107.81,$109.13,$107.22
09/29/2020,$107.44,1306457,$109.97,$110.25,$106.55
09/28/2020,$110.22,1555854,$109.73,$111.90,$109.30
09/25/2020,$108.11,1714060,$106.56,$108.32,$105.96
09/24/2020,$107.82,1746258,$107.96,$109.425,$105.67
09/23/2020,$107.49,2883502,$109.23,$110.38,$107.45
09/22/2020,$109.25,1385066,$109.11,$111.45,$108.26
09/21/2020,$109.45,1884072,$109.24,$110.38,$107.20
09/18/2020,$111.61,2294668,$112.00,$113.19,$111.34
09/17/2020,$112.60,1196917,$112.41,$113.42,$111.06
09/16/2020,$113.17,1048858,$112.35,$114.95,$112.11
09/15/2020,$112.15,1041991,$114.47,$114.68,$112.06
09/14/2020,$114.46,977298,$114.17,$115.23,$113.76
09/11/2020,$113.40,1040132,$112.52,$114.07,$111.65
09/10/2020,$111.80,950213,$113.73,$114.95,$111.77
09/09/2020,$113.63,957586,$114.21,$115.40,$112.93
09/08/2020,$113.74,1686804,$116.31,$116.44,$112.66
09/04/2020,$116.57,1460665,$117.20,$119.00,$114.88
09/03/2020,$115.35,1299448,$118.31,$120.88,$114.44
09/02/2020,$117.48,1391371,$114.53,$117.72,$114.02
09/01/2020,$114.69,969904,$115.16,$115.34,$113.58
08/31/2020,$116.04,2298071,$116.68,$116.97,$114.85
08/28/2020,$115.89,1725755,$118.10,$118.10,$114.73
08/27/2020,$117.18,1543854,$113.69,$118.82,$113.67
08/26/2020,$113.54,1200054,$114.73,$114.73,$113.42
08/25/2020,$115.62,1356515,$116.27,$116.43,$114.7501
08/24/2020,$114.90,1361948,$112.17,$114.96,$111.52
08/21/2020,$111.83,1082618,$112.04,$112.92,$111.51
08/20/2020,$112.53,895140,$112.00,$113.44,$111.87
08/19/2020,$113.20,1200734,$115.26,$116.03,$112.78
08/18/2020,$114.93,768509,$116.22,$116.25,$114.75
08/17/2020,$115.91,938214,$118.09,$118.09,$114.92
08/14/2020,$118.60,625074,$118.52,$119.93,$118.01
08/13/2020,$119.27,930304,$118.28,$119.51,$117.54
08/12/2020,$118.86,1144562,$121.56,$121.56,$118.265
08/11/2020,$119.92,1609417,$121.40,$123.30,$119.62
08/10/2020,$119.12,1063551,$118.00,$119.38,$116.97
08/07/2020,$117.36,2062872,$113.10,$117.59,$113.02
08/06/2020,$113.74,1632334,$114.36,$115.495,$113.34
08/05/2020,$115.08,1002029,$114.36,$115.78,$114.17
08/04/2020,$113.10,1434444,$113.46,$114.07,$112.30
08/03/2020,$114.40,1266646,$114.36,$115.54,$112.73
07/31/2020,$114.42,1377096,$115.23,$115.78,$112.58
07/30/2020,$115.93,1133662,$114.50,$116.70,$113.27
07/29/2020,$116.85,1033551,$114.89,$117.25,$114.31
07/28/2020,$115.03,1350277,$116.39,$117.23,$114.90
07/27/2020,$116.63,1249361,$117.59,$117.84,$115.84
07/24/2020,$118.28,1542839,$119.41,$120.47,$117.545
07/23/2020,$118.61,2127284,$121.68,$122.30,$117.501
07/22/2020,$122.24,1317905,$119.41,$122.555,$119.03
07/21/2020,$120.42,1330176,$119.45,$121.70,$119.23
07/20/2020,$118.77,1174248,$118.89,$120.40,$118.18
07/17/2020,$119.16,1301527,$120.83,$120.83,$118.59
07/16/2020,$120.50,1367361,$119.03,$122.69,$118.81
07/15/2020,$119.14,1487427,$121.38,$121.56,$118.00
07/14/2020,$118.55,2290186,$114.27,$118.97,$113.37
07/13/2020,$114.24,1240091,$114.61,$116.42,$112.86
07/10/2020,$113.84,1073616,$110.24,$114.24,$110.21
07/09/2020,$110.04,1506776,$113.38,$113.38,$109.09
07/08/2020,$113.18,1591195,$111.92,$113.78,$111.495
07/07/2020,$112.48,1222586,$113.59,$113.82,$111.98
07/06/2020,$114.57,1329951,$115.26,$116.38,$113.33
07/02/2020,$112.46,1040251,$115.04,$116.00,$112.18
07/01/2020,$112.50,930533,$113.96,$114.79,$112.20
06/30/2020,$114.05,1464478,$112.47,$114.49,$112.10
06/29/2020,$112.90,1161628,$112.39,$113.4215,$110.885
06/26/2020,$111.00,2515629,$113.26,$114.42,$110.55
06/25/2020,$114.62,1212801,$112.55,$114.83,$111.53
06/24/2020,$112.86,3024359,$114.59,$114.69,$111.40
06/23/2020,$116.19,1723916,$117.87,$118.46,$115.99
06/22/2020,$116.23,1967755,$115.26,$116.77,$114.28
06/19/2020,$116.56,4755256,$117.75,$117.75,$115.25
06/18/2020,$116.05,1111058,$113.87,$116.60,$113.50
06/17/2020,$114.82,1328505,$116.81,$116.81,$114.54
06/16/2020,$116.15,1546431,$119.45,$119.45,$114.17
06/15/2020,$114.85,1942446,$109.50,$115.87,$108.16
06/12/2020,$113.33,1885120,$114.72,$115.553,$110.56
06/11/2020,$110.55,3541221,$116.41,$117.39,$110.37
06/10/2020,$120.98,3377359,$123.75,$124.66,$120.97
06/09/2020,$125.42,2875372,$124.29,$126.99,$123.92
06/08/2020,$128.00,3168196,$125.00,$128.13,$124.62
06/05/2020,$124.36,3129629,$121.27,$125.28,$120.18
06/04/2020,$118.00,1695317,$113.98,$118.01,$112.95
06/03/2020,$114.47,1774259,$113.03,$115.00,$112.52
06/02/2020,$111.00,1796044,$110.07,$111.46,$108.55
06/01/2020,$109.15,1726709,$106.79,$109.30,$105.42
05/29/2020,$106.98,2973627,$106.33,$108.73,$105.675
05/28/2020,$107.59,2028445,$108.49,$108.76,$106.58
05/27/2020,$106.82,1738414,$106.98,$107.36,$105.03
05/26/2020,$103.36,2840553,$103.72,$104.57,$102.73
05/22/2020,$100.10,1705433,$99.29,$100.22,$98.20
05/21/2020,$99.17,2993572,$95.00,$100.80,$94.93
05/20/2020,$95.54,1835630,$94.58,$96.15,$93.77
05/19/2020,$93.27,1598667,$94.79,$95.07,$92.9301
05/18/2020,$95.30,1706103,$93.99,$96.10,$93.50
05/15/2020,$90.31,3352670,$89.23,$90.42,$87.73
05/14/2020,$90.22,2651582,$88.20,$90.96,$85.10
05/13/2020,$89.86,1964852,$92.87,$93.10,$89.53
05/12/2020,$93.96,1913120,$95.71,$96.73,$93.89
05/11/2020,$95.51,1016350,$96.63,$96.71,$94.46
05/08/2020,$97.34,1125160,$97.50,$97.62,$95.51
05/07/2020,$95.80,1333103,$94.20,$97.90,$94.20
05/06/2020,$93.29,1309350,$97.62,$97.82,$93.225
05/05/2020,$96.85,1798709,$97.62,$99.63,$96.76
05/04/2020,$96.91,1657661,$95.22,$97.06,$93.45
05/01/2020,$96.05,2580460,$99.48,$99.82,$95.64
04/30/2020,$101.21,1908848,$104.27,$104.59,$100.91
04/29/2020,$106.00,1420187,$105.89,$106.885,$103.91
04/28/2020,$104.29,1907471,$104.97,$105.65,$102.89
04/27/2020,$102.89,1405232,$101.70,$103.66,$101.43
04/24/2020,$100.82,2130057,$100.89,$101.08,$98.64
04/23/2020,$100.45,1832376,$101.75,$102.97,$100.25
04/22/2020,$101.79,2274071,$103.51,$104.41,$100.44
04/21/2020,$101.78,3049241,$98.49,$106.55,$96.55
04/20/2020,$101.78,2204935,$103.29,$103.82,$100.10
04/17/2020,$105.07,2038514,$103.30,$105.34,$102.145
04/16/2020,$99.81,1721075,$101.96,$102.22,$98.97
04/15/2020,$102.17,1994704,$103.02,$105.23,$101.97
04/14/2020,$108.02,2122970,$107.23,$109.51,$106.34
04/13/2020,$106.42,1241486,$109.61,$109.8805,$105.83
04/09/2020,$109.74,1693452,$106.34,$111.70,$105.75
04/08/2020,$104.94,1482100,$101.60,$105.48,$100.12
04/07/2020,$100.78,1944046,$102.47,$104.20,$100.67
04/06/2020,$98.98,3042612,$98.00,$99.49,$96.775
04/03/2020,$93.89,1784184,$96.09,$97.32,$92.94
04/02/2020,$97.19,1852315,$94.55,$98.93,$93.90
04/01/2020,$95.20,3182576,$94.76,$98.07,$94.40
03/31/2020,$99.35,2920054,$100.74,$101.7162,$99.01
03/30/2020,$102.59,2733706,$99.85,$102.99,$96.20
03/27/2020,$99.95,3085644,$94.87,$103.01,$94.81
03/26/2020,$98.67,4636033,$93.09,$98.93,$90.10
03/25/2020,$92.18,4151417,$93.37,$94.96,$87.66
03/24/2020,$93.74,4293373,$91.32,$94.36,$86.76
03/23/2020,$88.36,4915727,$87.60,$92.50,$87.11
03/20/2020,$89.51,5949454,$86.15,$94.18,$84.96
03/19/2020,$86.07,3177452,$81.16,$86.449,$77.52
03/18/2020,$81.69,3939101,$90.25,$93.50,$76.99
03/17/2020,$96.41,5424945,$87.11,$96.70,$80.40
03/16/2020,$85.10,4731785,$97.85,$98.48,$84.86
03/13/2020,$107.45,3602262,$107.51,$107.55,$99.19
03/12/2020,$102.18,3485618,$105.61,$110.66,$101.22
03/11/2020,$112.60,3032447,$115.69,$116.37,$111.19
03/10/2020,$119.57,2615412,$118.58,$119.78,$113.80
03/09/2020,$116.20,3658669,$116.12,$118.48,$113.30
03/06/2020,$124.84,2550365,$124.21,$125.79,$122.455
03/05/2020,$128.02,2445506,$127.65,$129.33,$126.81
03/04/2020,$131.53,2423134,$126.26,$131.55,$125.32
03/03/2020,$125.31,2694474,$127.58,$128.60,$124.37
03/02/2020,$127.68,3349915,$119.81,$127.69,$119.33
02/28/2020,$119.81,3755977,$121.72,$122.74,$117.38
02/27/2020,$124.08,2689759,$127.35,$129.06,$124.04
02/26/2020,$128.56,1715781,$131.28,$132.16,$128.56
02/25/2020,$130.79,1949024,$134.11,$134.20,$130.73
02/24/2020,$134.12,1828726,$133.52,$135.55,$133.32
02/21/2020,$135.16,1469657,$134.26,$135.33,$133.24
02/20/2020,$133.98,1629059,$133.98,$134.45,$132.60
02/19/2020,$134.51,1272176,$136.00,$136.17,$134.185
02/18/2020,$135.88,1206097,$137.48,$137.69,$135.76
02/14/2020,$137.76,981555,$136.62,$138.155,$136.23
02/13/2020,$136.88,927166,$135.91,$137.16,$135.23
02/12/2020,$135.71,824780,$137.57,$137.69,$135.69
02/11/2020,$137.38,1041982,$136.34,$137.51,$135.65
02/10/2020,$136.22,807695,$136.01,$136.27,$135.14
02/07/2020,$136.01,900181,$136.40,$136.88,$135.23
02/06/2020,$136.50,937729,$137.28,$138.00,$136.48
02/05/2020,$136.78,1404487,$133.86,$136.84,$133.86
02/04/2020,$132.58,1541446,$134.41,$135.25,$132.48
02/03/2020,$133.61,1494873,$132.51,$134.2864,$132.275
01/31/2020,$131.62,1845181,$133.66,$134.505,$131.43
01/30/2020,$134.20,1410040,$132.60,$134.28,$132.11
01/29/2020,$133.27,1270857,$134.50,$134.54,$132.95
01/28/2020,$134.39,1297720,$134.49,$135.10,$134.34
01/27/2020,$133.73,1519509,$134.35,$135.75,$133.56
01/24/2020,$134.78,1755111,$133.73,$134.88,$133.61
01/23/2020,$134.19,3636617,$136.29,$138.00,$133.48
01/22/2020,$141.34,1656778,$141.29,$141.865,$140.49
01/21/2020,$140.91,1604798,$140.77,$141.55,$140.375
01/17/2020,$140.73,1534825,$139.00,$141.05,$138.84
01/16/2020,$138.85,1249143,$138.00,$138.98,$137.82
01/15/2020,$137.57,905160,$136.50,$137.98,$136.31
01/14/2020,$136.65,1485329,$136.00,$137.56,$136.00
01/13/2020,$136.26,1042516,$135.51,$136.30,$135.35
01/10/2020,$135.51,1343181,$135.80,$136.47,$135.32
01/09/2020,$137.62,1228568,$136.70,$137.905,$136.70
01/08/2020,$136.61,1942800,$135.94,$137.70,$135.49
01/07/2020,$135.16,1204838,$135.89,$136.63,$135.10
01/06/2020,$137.17,952836,$136.15,$137.21,$135.6425
01/03/2020,$137.02,927345,$136.55,$137.37,$136.35
01/02/2020,$137.51,1117296,$137.52,$137.74,$136.14
12/31/2019,$136.95,765097,$136.31,$136.99,$136.13
12/30/2019,$136.49,799175,$136.98,$136.98,$135.65
12/27/2019,$136.80,614444,$136.48,$136.90,$135.97
12/26/2019,$136.29,927684,$135.96,$136.31,$135.81
12/24/2019,$135.83,486172,$136.45,$136.45,$135.55
12/23/2019,$136.23,1002953,$136.80,$136.80,$135.58
12/20/2019,$136.43,2676452,$137.15,$137.61,$136.04
12/19/2019,$136.47,1741488,$135.40,$136.49,$135.10
12/18/2019,$135.67,1582440,$137.17,$137.17,$134.94
12/17/2019,$136.99,1083419,$136.28,$137.265,$136.195
12/16/2019,$136.18,1312725,$136.07,$136.75,$135.675
12/13/2019,$135.66,985570,$135.13,$136.21,$135.12
12/12/2019,$135.61,1068907,$134.62,$136.22,$134.31
12/11/2019,$134.63,1260083,$135.26,$135.64,$134.28
12/10/2019,$135.54,828638,$135.45,$135.79,$135.15
12/09/2019,$135.45,1002046,$135.31,$135.63,$134.82
12/06/2019,$135.72,1583677,$135.19,$136.15,$134.785
12/05/2019,$134.31,1435005,$135.41,$135.41,$134.025
12/04/2019,$135.17,1302974,$133.45,$135.49,$133.33
12/03/2019,$134.62,1869619,$134.78,$135.10,$133.70
12/02/2019,$135.26,1577258,$136.99,$137.265,$135.26
11/29/2019,$136.72,523302,$136.83,$137.21,$136.47
11/27/2019,$136.84,1057528,$137.08,$137.32,$136.13
11/26/2019,$136.68,1827545,$134.83,$136.90,$134.70
11/25/2019,$135.03,1161272,$135.57,$135.94,$134.87
11/22/2019,$135.13,1222718,$134.71,$135.50,$134.385
11/21/2019,$134.69,1230648,$135.95,$135.9879,$133.79
11/20/2019,$135.43,1301079,$134.78,$135.70,$134.44
11/19/2019,$135.46,1810340,$134.65,$135.68,$134.36
11/18/2019,$134.29,1286859,$133.65,$134.73,$133.64
11/15/2019,$133.57,1450033,$133.89,$134.69,$133.345
11/14/2019,$133.95,1018123,$133.84,$134.48,$133.2793
11/13/2019,$134.13,1086218,$132.70,$134.39,$132.51
11/12/2019,$133.35,1050620,$133.69,$133.73,$132.44
11/11/2019,$133.54,1319105,$133.00,$133.94,$132.7988
11/08/2019,$133.29,1301674,$132.73,$133.95,$132.50
11/07/2019,$133.01,1333673,$132.70,$133.8193,$132.62
11/06/2019,$132.35,1559581,$131.28,$132.59,$131.08
11/05/2019,$131.27,1590614,$130.19,$131.99,$130.15
11/04/2019,$130.20,1106918,$131.14,$131.60,$129.84
11/01/2019,$130.72,1005004,$131.52,$131.56,$129.7713
10/31/2019,$131.06,1864056,$129.41,$131.12,$128.95
10/30/2019,$129.78,1353302,$129.10,$130.2631,$128.74
10/29/2019,$128.93,2190680,$129.05,$129.88,$128.29
10/28/2019,$129.30,1525494,$130.75,$131.20,$129.23
10/25/2019,$130.43,1342281,$131.05,$131.44,$129.50
10/24/2019,$131.43,1283337,$132.34,$132.73,$131.04
10/23/2019,$132.16,1947789,$130.07,$133.03,$129.6875
10/22/2019,$130.15,3605269,$132.57,$133.75,$129.82
10/21/2019,$141.91,1727622,$141.99,$142.22,$141.41
10/18/2019,$141.36,1505011,$140.76,$141.67,$140.205
10/17/2019,$140.48,1112818,$142.61,$142.86,$140.43
10/16/2019,$142.57,913308,$142.84,$142.9124,$141.56
10/15/2019,$143.31,878374,$143.49,$144.50,$143.14
10/14/2019,$143.11,613407,$142.43,$143.30,$142.1572
10/11/2019,$142.60,1187880,$143.16,$143.84,$142.42
10/10/2019,$141.56,847159,$141.16,$142.60,$140.79
10/09/2019,$141.30,726641,$141.40,$141.67,$140.62
10/08/2019,$140.63,1156380,$142.43,$142.43,$140.60
10/07/2019,$143.15,894720,$144.64,$144.64,$143.06
10/04/2019,$144.96,1232248,$142.00,$145.21,$141.80
10/03/2019,$141.73,1239314,$142.12,$142.40,$140.69
10/02/2019,$142.39,1391210,$144.83,$145.07,$141.76
10/01/2019,$145.55,1251981,$149.27,$149.58,$145.52
09/30/2019,$148.69,900190,$147.98,$149.38,$147.98
09/27/2019,$148.00,1204077,$148.54,$148.6546,$147.15
09/26/2019,$148.10,803163,$146.90,$148.41,$146.83
09/25/2019,$146.85,849265,$146.85,$147.01,$145.78
09/24/2019,$146.75,1058999,$146.89,$148.21,$146.42
09/23/2019,$146.54,845792,$146.18,$147.385,$145.83
09/20/2019,$146.28,2426707,$146.56,$148.33,$146.07
09/19/2019,$146.94,957355,$146.80,$148.41,$146.75
09/18/2019,$146.47,1285111,$145.84,$147.00,$144.70
09/17/2019,$147.25,1327764,$146.48,$148.124,$146.21
09/16/2019,$146.34,1160950,$145.71,$147.23,$145.528
09/13/2019,$146.31,1631716,$148.39,$148.575,$145.58
09/12/2019,$148.30,1358854,$147.18,$148.91,$146.80
09/11/2019,$146.23,1439983,$145.86,$146.36,$144.30
09/10/2019,$146.57,1628990,$148.85,$149.1358,$145.535
09/09/2019,$149.23,1658333,$152.79,$153.38,$148.02
09/06/2019,$152.84,1277042,$151.78,$153.65,$151.69
09/05/2019,$151.74,1230119,$151.75,$152.63,$150.98
09/04/2019,$150.16,983324,$148.46,$150.27,$147.84
09/03/2019,$147.57,1061717,$146.24,$147.62,$145.78
08/30/2019,$146.96,1029795,$147.67,$147.94,$146.15
08/29/2019,$146.94,1152752,$147.57,$147.793,$146.26
08/28/2019,$146.37,1078611,$146.88,$147.34,$145.67
08/27/2019,$147.10,987135,$148.26,$148.57,$146.70
08/26/2019,$147.34,898078,$145.60,$147.42,$145.21
08/23/2019,$144.73,1430533,$147.33,$148.77,$144.17
08/22/2019,$147.81,696783,$147.64,$148.17,$146.29
08/21/2019,$147.04,849653,$146.75,$147.46,$146.25
08/20/2019,$146.51,905783,$147.63,$148.46,$146.39
08/19/2019,$147.58,1379626,$148.40,$148.40,$147.02
08/16/2019,$146.81,1575486,$146.18,$147.14,$145.34
08/15/2019,$145.59,1203882,$143.44,$146.24,$143.04
08/14/2019,$143.48,1563481,$146.74,$147.81,$143.43
08/13/2019,$148.22,1112812,$146.63,$148.8813,$146.00
08/12/2019,$146.45,1132338,$148.54,$149.32,$146.25
08/09/2019,$149.07,1385896,$148.50,$149.64,$147.58
08/08/2019,$148.22,1644120,$147.86,$148.78,$146.23
08/07/2019,$147.36,1555711,$144.25,$148.03,$143.12
08/06/2019,$145.96,1331322,$143.72,$146.04,$142.79
08/05/2019,$143.93,1664276,$146.28,$147.47,$143.58
08/02/2019,$146.92,1442763,$146.50,$147.76,$145.47
08/01/2019,$145.78,1543036,$146.29,$148.15,$145.47
07/31/2019,$146.62,1617637,$148.28,$148.8438,$146.11
07/30/2019,$147.62,1204670,$148.13,$149.55,$147.28
07/29/2019,$148.74,1246239,$149.67,$151.03,$148.53
07/26/2019,$149.93,947645,$148.36,$150.25,$147.25
07/25/2019,$148.49,1188904,$147.95,$149.05,$147.22
07/24/2019,$148.85,1308490,$147.60,$149.15,$146.84
07/23/2019,$147.50,1970226,$148.50,$149.97,$145.37
07/22/2019,$149.71,1197562,$150.17,$150.84,$149.31
07/19/2019,$150.23,1374307,$151.65,$152.39,$150.17
07/18/2019,$152.71,763002,$152.35,$152.87,$151.55
07/17/2019,$152.38,944539,$154.04,$154.1653,$152.345
07/16/2019,$154.59,877973,$154.88,$155.09,$154.10
07/15/2019,$154.83,923438,$153.17,$154.96,$153.17
07/12/2019,$153.39,867720,$152.92,$153.46,$151.80
07/11/2019,$152.43,933791,$152.97,$153.3394,$151.19
07/10/2019,$153.33,747202,$154.31,$154.73,$153.26
07/09/2019,$153.45,843360,$153.19,$153.63,$152.44
07/08/2019,$153.80,773441,$153.98,$154.26,$153.44
07/05/2019,$154.09,612126,$153.81,$154.24,$152.51
07/03/2019,$154.30,613924,$153.39,$154.62,$153.0543
07/02/2019,$152.83,915707,$151.72,$152.835,$151.24
07/01/2019,$151.42,1146751,$150.90,$151.43,$149.89
06/28/2019,$149.52,2319991,$149.79,$150.54,$148.46
06/27/2019,$149.20,1615497,$147.45,$149.52,$147.29
06/26/2019,$148.70,1506216,$152.90,$153.17,$148.62
06/25/2019,$153.13,1296765,$152.01,$153.63,$151.48
06/24/2019,$152.02,980123,$151.74,$153.13,$151.595
06/21/2019,$151.48,2316362,$152.24,$153.20,$151.21
06/20/2019,$152.19,932220,$152.04,$152.50,$150.84
06/19/2019,$151.60,1010092,$150.32,$152.01,$150.32
06/18/2019,$150.33,1329028,$149.86,$151.49,$149.58
06/17/2019,$149.92,821225,$150.30,$150.52,$149.66
06/14/2019,$150.11,1124025,$149.69,$150.6415,$148.79
06/13/2019,$149.41,1508056,$149.79,$150.045,$148.55
06/12/2019,$149.73,1025998,$149.53,$150.61,$149.45
06/11/2019,$149.19,968398,$150.00,$150.065,$148.7014
06/10/2019,$149.32,1187495,$149.36,$149.90,$148.89
06/07/2019,$149.53,1257881,$147.93,$150.02,$147.93
06/06/2019,$149.00,1796789,$149.52,$149.67,$148.36
06/05/2019,$149.85,1474936,$148.08,$149.86,$147.9317
06/04/2019,$147.55,1513417,$147.36,$147.80,$146.611
06/03/2019,$146.79,1628844,$145.49,$146.84,$144.87
05/31/2019,$145.57,1405436,$145.14,$146.33,$144.49
05/30/2019,$145.73,1068649,$145.49,$146.27,$144.48
05/29/2019,$145.07,1484931,$145.76,$145.96,$143.69
05/28/2019,$146.28,1243908,$148.00,$148.80,$146.25
05/24/2019,$147.94,919326,$147.38,$148.10,$146.75
05/23/2019,$146.94,1803126,$147.32,$147.46,$145.48
05/22/2019,$147.96,1104158,$147.48,$148.2616,$146.94
05/21/2019,$147.47,1390708,$148.36,$148.84,$146.94
05/20/2019,$148.17,1440551,$147.50,$148.85,$147.24
05/17/2019,$147.49,1721396,$145.97,$148.52,$145.88
05/16/2019,$147.41,1686469,$146.37,$148.27,$146.37
05/15/2019,$146.52,1431074,$145.06,$146.8856,$144.73
05/14/2019,$145.71,1775108,$143.07,$146.38,$143.07
05/13/2019,$143.41,1611771,$142.38,$143.79,$141.95
05/10/2019,$143.96,973126,$141.16,$144.01,$140.77
05/09/2019,$141.83,928108,$140.84,$142.14,$139.96
05/08/2019,$141.53,1011267,$141.50,$142.73,$141.29
05/07/2019,$141.71,1190986,$142.83,$143.78,$141.20
05/06/2019,$143.43,969736,$142.01,$143.83,$141.37
05/03/2019,$143.35,1109193,$142.86,$144.22,$142.28
05/02/2019,$142.70,1050840,$143.40,$144.00,$142.09
05/01/2019,$143.08,1249259,$143.62,$144.18,$142.97
04/30/2019,$143.75,1460245,$141.83,$143.86,$141.61
04/29/2019,$141.46,914529,$140.50,$141.94,$140.415
04/26/2019,$140.24,776777,$139.25,$140.43,$139.25
04/25/2019,$139.19,1129008,$138.23,$139.55,$137.24
04/24/2019,$139.18,1090960,$138.68,$139.67,$137.54
04/23/2019,$138.01,1389872,$137.00,$138.17,$136.805
04/22/2019,$136.61,1178106,$138.38,$138.665,$136.58
04/18/2019,$138.93,2199199,$138.75,$141.52,$138.00
04/17/2019,$135.87,1434465,$138.28,$138.28,$135.80
04/16/2019,$138.34,1038416,$137.38,$138.58,$137.13
04/15/2019,$136.79,774633,$137.81,$137.90,$136.60
04/12/2019,$137.72,1098252,$136.98,$137.85,$136.72
04/11/2019,$136.28,955923,$135.73,$136.43,$135.09
04/10/2019,$135.46,1228173,$135.43,$135.78,$134.60
04/09/2019,$135.19,1356124,$135.49,$135.49,$134.37
04/08/2019,$135.88,1006270,$136.81,$136.81,$135.46
04/05/2019,$136.40,1090420,$136.53,$137.09,$136.11
04/04/2019,$136.52,1109787,$136.90,$136.99,$135.98
04/03/2019,$136.60,1117390,$137.51,$137.51,$135.52
04/02/2019,$136.81,973339,$138.38,$138.38,$136.59
04/01/2019,$138.02,1375270,$137.56,$138.60,$137.37
03/29/2019,$137.16,1227686,$137.72,$138.13,$136.65
03/28/2019,$136.90,725886,$136.71,$137.175,$135.45
03/27/2019,$136.35,1198746,$135.13,$136.95,$134.98
03/26/2019,$134.98,1501119,$135.60,$135.94,$133.9398
03/25/2019,$134.95,1143465,$135.11,$135.75,$134.3697
03/22/2019,$134.90,2262536,$133.92,$136.245,$133.78
03/21/2019,$134.37,1527460,$130.68,$134.44,$130.25
03/20/2019,$131.33,1337254,$133.10,$133.10,$131.25
03/19/2019,$132.93,1668312,$135.55,$136.08,$132.62
03/18/2019,$134.94,1269540,$134.65,$135.16,$134.30
03/15/2019,$134.18,2112011,$133.48,$134.71,$132.935
03/14/2019,$133.06,1035612,$133.16,$133.51,$132.64
03/13/2019,$133.00,1188973,$132.97,$133.87,$132.76
03/12/2019,$132.72,967344,$132.21,$132.88,$131.72
03/11/2019,$131.87,1293325,$132.13,$132.42,$131.46
03/08/2019,$131.02,1153767,$130.31,$131.11,$130.00
03/07/2019,$131.49,1141061,$131.72,$131.85,$130.65
03/06/2019,$131.80,896724,$132.71,$133.36,$131.69
03/05/2019,$132.69,1305531,$132.42,$132.82,$131.28
03/04/2019,$132.15,907915,$133.24,$133.66,$130.92
03/01/2019,$133.03,1360403,$133.52,$134.35,$132.46
02/28/2019,$132.91,1739672,$132.58,$133.07,$132.22
02/27/2019,$132.62,1350089,$132.81,$133.419,$132.44
02/26/2019,$133.27,2278689,$132.46,$133.90,$132.36
02/25/2019,$132.49,2051141,$131.30,$133.13,$131.30
02/22/2019,$131.02,1422860,$130.21,$131.31,$129.98
02/21/2019,$129.82,1224122,$129.91,$130.00,$129.14
02/20/2019,$129.74,1784666,$129.05,$130.13,$128.98
02/19/2019,$129.10,1459280,$128.31,$129.46,$128.01
02/15/2019,$128.74,1304575,$128.05,$128.84,$127.865
02/14/2019,$126.93,1266508,$127.13,$127.95,$126.23
02/13/2019,$128.04,1350950,$127.79,$129.13,$127.55
02/12/2019,$127.26,1729467,$126.43,$127.37,$126.11
02/11/2019,$125.42,1610213,$126.04,$126.04,$124.36
02/08/2019,$125.79,1252718,$126.53,$126.76,$124.62
02/07/2019,$126.76,1083916,$125.19,$126.80,$125.11
02/06/2019,$125.55,1504800,$125.98,$125.98,$124.87
02/05/2019,$126.18,1306400,$126.12,$126.25,$125.33
02/04/2019,$126.04,1208568,$126.49,$126.50,$125.02
02/01/2019,$126.49,1051132,$126.03,$126.53,$125.13
01/31/2019,$125.54,1619479,$125.40,$125.80,$124.38
01/30/2019,$125.88,1682435,$124.71,$126.19,$124.08
01/29/2019,$124.82,1275194,$124.74,$125.47,$124.38
01/28/2019,$125.03,1277810,$124.24,$125.13,$123.61
01/25/2019,$124.98,1972751,$125.01,$126.17,$124.54
01/24/2019,$124.38,1621000,$122.75,$124.46,$122.58
01/23/2019,$123.02,2008713,$122.67,$123.245,$120.6039
01/22/2019,$122.36,2155600,$123.50,$125.50,$121.3408
01/18/2019,$124.01,1923860,$123.72,$124.41,$122.74
01/17/2019,$122.94,1108398,$121.64,$122.99,$121.28
01/16/2019,$122.30,1346454,$122.29,$122.58,$121.18
01/15/2019,$121.82,1373389,$120.53,$121.86,$120.53
01/14/2019,$120.58,1406827,$119.87,$120.97,$119.79
01/11/2019,$120.47,839353,$119.89,$120.86,$119.27
01/10/2019,$120.27,1061108,$118.53,$120.35,$118.39
01/09/2019,$118.68,1752991,$118.66,$119.56,$117.98
01/08/2019,$117.84,1403869,$119.38,$119.51,$116.84
01/07/2019,$118.30,1072679,$118.21,$119.54,$117.71
01/04/2019,$118.68,1793890,$116.66,$118.78,$116.131
01/03/2019,$115.26,1897228,$117.05,$117.30,$115.06
01/02/2019,$117.37,1793182,$117.49,$118.19,$116.33
12/31/2018,$119.75,1157343,$118.48,$119.75,$118.05
12/28/2018,$118.24,1386712,$119.15,$119.76,$117.78
12/27/2018,$118.67,1807354,$115.75,$118.71,$114.66
12/26/2018,$117.17,1915753,$112.50,$117.17,$111.08
12/24/2018,$112.63,1344681,$115.41,$115.87,$112.60
12/21/2018,$116.06,4523628,$117.79,$120.31,$116.02
12/20/2018,$117.32,2621915,$118.50,$119.44,$116.93
12/19/2018,$119.16,1829585,$119.61,$121.68,$118.22
12/18/2018,$119.30,1691657,$120.41,$121.07,$118.42
12/17/2018,$119.93,1805502,$120.72,$121.79,$119.50
12/14/2018,$120.55,2097783,$120.33,$121.4541,$119.95
12/13/2018,$121.50,1282255,$122.03,$122.61,$120.72
12/12/2018,$122.01,1703245,$122.21,$123.29,$121.03
12/11/2018,$120.97,1877235,$123.68,$124.42,$120.45
12/10/2018,$123.00,1534062,$123.45,$123.56,$120.50
12/07/2018,$123.56,1679622,$124.64,$126.19,$122.8708
12/06/2018,$125.41,2765067,$125.49,$126.43,$121.75
12/04/2018,$126.69,2139841,$130.22,$130.52,$126.095
12/03/2018,$130.11,1597320,$130.57,$130.92,$127.61
11/30/2018,$130.37,2142697,$130.39,$130.945,$128.705
11/29/2018,$130.63,1616812,$130.05,$131.21,$129.27
11/28/2018,$130.70,1579399,$129.52,$130.99,$128.72
11/27/2018,$129.61,1274182,$129.86,$130.57,$128.31
11/26/2018,$130.34,1845889,$127.68,$130.34,$127.18
11/23/2018,$126.60,405778,$127.44,$127.65,$126.36
11/21/2018,$127.76,1503249,$128.10,$129.54,$127.31
11/20/2018,$128.37,1893595,$130.95,$131.10,$128.26
11/19/2018,$130.52,2086259,$128.93,$130.57,$128.60
11/16/2018,$128.77,2734079,$124.98,$128.79,$124.71
11/15/2018,$125.59,2408878,$122.48,$125.61,$121.40
11/14/2018,$123.04,3124370,$127.15,$127.50,$122.23
11/13/2018,$126.81,1384043,$126.88,$128.27,$126.43
11/12/2018,$127.04,1776011,$130.30,$130.80,$126.83
11/09/2018,$131.03,1379390,$131.14,$131.81,$130.28
11/08/2018,$130.99,1879174,$130.05,$131.51,$129.98
11/07/2018,$130.28,1449131,$129.12,$130.37,$128.22
11/06/2018,$128.60,1586639,$126.24,$128.66,$126.13
11/05/2018,$126.53,1077608,$125.16,$127.38,$125.16
11/02/2018,$124.90,1636966,$126.70,$126.93,$123.96
11/01/2018,$125.20,1319562,$124.98,$125.34,$124.02
10/31/2018,$125.13,2150048,$126.22,$126.96,$125.03
10/30/2018,$125.87,2217034,$122.97,$126.01,$122.09
10/29/2018,$122.32,2322958,$122.82,$124.50,$121.59
10/26/2018,$121.29,3569513,$121.02,$122.11,$119.665
10/25/2018,$121.24,2317958,$121.97,$122.27,$120.37
10/24/2018,$121.56,2291769,$123.47,$123.6846,$121.30
10/23/2018,$123.80,2000962,$122.50,$124.58,$122.30
10/22/2018,$124.07,1333844,$125.90,$126.645,$123.98
10/19/2018,$126.07,2044573,$124.33,$126.79,$124.01
10/18/2018,$125.14,2785651,$126.62,$127.30,$123.70
10/17/2018,$126.44,2106779,$124.77,$127.19,$124.5775
10/16/2018,$124.75,1232649,$123.82,$124.85,$123.34
10/15/2018,$123.39,1297431,$123.34,$124.70,$123.02
10/12/2018,$123.65,2283058,$124.26,$125.10,$121.465
10/11/2018,$124.31,2428568,$127.98,$128.00,$123.59
10/10/2018,$128.17,1654199,$130.91,$131.60,$128.01
10/09/2018,$131.59,865003,$131.54,$132.025,$130.32
10/08/2018,$131.66,971143,$130.01,$132.47,$129.92
10/05/2018,$130.13,870499,$130.18,$131.4399,$129.83
10/04/2018,$130.79,1242586,$129.88,$130.875,$129.55
10/03/2018,$129.54,1545701,$130.17,$130.34,$129.07
10/02/2018,$129.51,1304325,$128.69,$129.60,$128.24
10/01/2018,$128.97,1348861,$130.00,$130.64,$128.63
09/28/2018,$129.71,1322896,$128.71,$129.92,$128.22
09/27/2018,$129.12,836456,$129.39,$129.93,$128.47
09/26/2018,$129.50,1306225,$131.74,$131.74,$129.20
09/25/2018,$131.29,827066,$133.10,$133.10,$131.14
09/24/2018,$132.83,1054187,$134.44,$134.44,$132.72
09/21/2018,$134.44,2615797,$134.46,$134.51,$133.19
09/20/2018,$134.15,1635673,$133.33,$134.61,$133.10
09/19/2018,$132.50,1470874,$131.67,$133.50,$131.3719
09/18/2018,$131.37,1455475,$130.00,$131.74,$129.5042
09/17/2018,$129.89,967390,$130.22,$130.60,$129.59
09/14/2018,$130.01,1162068,$129.00,$130.12,$128.68
09/13/2018,$128.83,1408965,$128.50,$129.41,$127.738
09/12/2018,$126.89,1746382,$127.87,$128.20,$126.30
09/11/2018,$127.85,1792325,$126.52,$128.31,$125.71
09/10/2018,$127.60,1840776,$129.39,$129.55,$126.93
09/07/2018,$130.09,1300171,$131.54,$132.11,$129.97
09/06/2018,$132.57,1270319,$132.43,$133.40,$132.09
09/05/2018,$132.59,1209475,$132.02,$133.31,$132.02
09/04/2018,$132.13,973903,$131.71,$132.24,$131.01
08/31/2018,$131.60,991861,$131.42,$131.72,$130.67
08/30/2018,$131.65,1262069,$132.55,$132.64,$131.10
08/29/2018,$132.66,1021162,$132.58,$133.251,$131.94
08/28/2018,$132.28,1055959,$132.05,$132.77,$132.05
08/27/2018,$131.89,1257301,$131.81,$132.33,$131.34
08/24/2018,$130.51,1180305,$130.06,$130.68,$129.85
08/23/2018,$129.52,1115446,$129.50,$129.87,$128.94
08/22/2018,$129.41,1083857,$131.88,$131.88,$129.26
08/21/2018,$131.71,1240764,$131.22,$132.26,$130.93
08/20/2018,$131.42,1146993,$130.75,$131.64,$130.50
08/17/2018,$130.42,1656624,$130.17,$130.81,$129.61
08/16/2018,$130.34,1324462,$129.26,$130.965,$129.1441
08/15/2018,$128.77,1260964,$127.12,$129.09,$126.92
08/14/2018,$127.54,1143824,$127.96,$127.99,$126.68
08/13/2018,$128.05,1209838,$128.69,$129.3534,$127.61
08/10/2018,$128.87,957530,$128.73,$129.16,$127.61
08/09/2018,$129.56,859253,$129.10,$130.12,$128.61
08/08/2018,$129.21,1430674,$129.87,$129.87,$129.11
08/07/2018,$129.94,814708,$130.51,$131.13,$129.78
08/06/2018,$130.00,1544120,$129.72,$130.52,$129.60
08/03/2018,$129.70,1882815,$128.14,$129.70,$127.73
08/02/2018,$128.33,1778636,$128.06,$128.86,$127.00
08/01/2018,$128.96,1388477,$130.03,$130.45,$128.91
07/31/2018,$130.14,1676564,$131.28,$131.42,$129.77
07/30/2018,$131.10,1487663,$130.52,$131.975,$130.13
07/27/2018,$130.73,1954006,$129.94,$131.63,$129.71
07/26/2018,$129.49,2253480,$127.25,$130.12,$126.4935
07/25/2018,$126.28,2167780,$124.77,$126.43,$123.98
07/24/2018,$124.75,1890508,$124.74,$125.39,$123.94
07/23/2018,$124.24,1654264,$125.55,$125.55,$123.58
07/20/2018,$125.20,1879878,$124.86,$126.13,$124.335
07/19/2018,$125.18,2794696,$127.00,$127.50,$124.61
07/18/2018,$130.00,1422377,$128.83,$130.46,$128.34
07/17/2018,$128.79,1978973,$128.58,$129.445,$127.87
07/16/2018,$128.19,1100888,$127.01,$128.23,$126.62
07/13/2018,$126.63,901739,$126.17,$126.79,$125.4568
07/12/2018,$126.02,1297063,$126.43,$126.43,$125.111
07/11/2018,$125.05,1199804,$125.36,$125.67,$124.53
07/10/2018,$125.87,1301818,$125.59,$126.14,$125.39
07/09/2018,$125.40,1130325,$123.84,$125.60,$123.54
07/06/2018,$123.18,1007046,$122.61,$123.80,$121.82
07/05/2018,$122.60,1285832,$123.43,$123.49,$121.81
07/03/2018,$122.77,659117,$123.07,$124.05,$122.64
07/02/2018,$122.39,1092531,$122.08,$122.45,$121.395
06/29/2018,$122.34,1220545,$122.49,$124.02,$122.10
06/28/2018,$122.45,1265779,$121.04,$122.825,$120.74
06/27/2018,$121.34,1055725,$122.53,$123.47,$121.29
06/26/2018,$122.62,1312913,$123.83,$124.4016,$122.53
06/25/2018,$123.72,1698130,$124.31,$124.92,$122.46
06/22/2018,$124.41,1816652,$124.20,$125.31,$123.675
06/21/2018,$123.45,1577596,$124.37,$124.94,$122.83
06/20/2018,$124.99,1403161,$128.80,$128.83,$124.91
06/19/2018,$128.16,1153458,$126.54,$128.35,$126.54
06/18/2018,$127.59,1587605,$128.05,$128.25,$126.74
06/15/2018,$129.37,3200820,$128.06,$129.43,$127.76
06/14/2018,$128.86,1131742,$129.94,$130.08,$128.75
06/13/2018,$129.72,1048105,$130.03,$130.82,$129.23
06/12/2018,$129.58,1083483,$130.51,$130.89,$129.10
06/11/2018,$130.50,799881,$131.34,$131.49,$130.44
06/08/2018,$131.32,1507976,$129.99,$131.64,$129.55
06/07/2018,$129.77,1463273,$128.37,$130.08,$127.64
06/06/2018,$128.77,2388736,$129.90,$130.48,$127.61
06/05/2018,$129.17,1381192,$129.26,$129.52,$128.08
06/04/2018,$129.72,1034926,$129.94,$130.51,$129.52
06/01/2018,$129.29,1001110,$129.84,$129.98,$128.71
05/31/2018,$128.52,1790222,$129.91,$129.935,$127.71
05/30/2018,$130.17,1263785,$129.18,$130.72,$128.91
05/29/2018,$128.21,1742326,$129.89,$130.16,$127.51
05/25/2018,$131.03,846508,$130.17,$131.47,$130.14
05/24/2018,$130.65,818057,$130.77,$130.85,$129.34
05/23/2018,$130.90,1085790,$131.10,$131.24,$130.11
05/22/2018,$131.42,769227,$131.13,$132.06,$130.57
05/21/2018,$131.14,1027589,$130.71,$131.96,$130.02
05/18/2018,$129.85,986057,$130.76,$130.7698,$129.52
05/17/2018,$130.72,807806,$130.00,$130.83,$129.68
05/16/2018,$130.15,840494,$129.83,$130.54,$129.52
05/15/2018,$129.86,1547491,$129.20,$130.35,$128.84
05/14/2018,$130.00,1219186,$131.51,$131.77,$129.72
05/11/2018,$131.25,1046676,$130.99,$132.09,$130.61
05/10/2018,$130.88,916713,$129.94,$131.15,$129.44
05/09/2018,$129.75,1164909,$129.39,$130.21,$128.58
05/08/2018,$128.66,1220725,$128.98,$129.63,$127.89
05/07/2018,$128.99,1222854,$129.64,$129.8344,$128.77
05/04/2018,$129.71,1545377,$126.71,$130.44,$126.52
05/03/2018,$127.31,2182779,$127.41,$127.81,$125.15
05/02/2018,$128.32,2145322,$130.51,$130.79,$127.23
05/01/2018,$131.09,1264693,$131.56,$131.56,$129.70
04/30/2018,$131.60,1705217,$133.88,$134.35,$131.48
04/27/2018,$133.19,1107113,$132.34,$133.775,$131.95
04/26/2018,$132.95,1709265,$132.34,$133.33,$131.51
04/25/2018,$132.22,1799288,$131.91,$133.28,$131.39
04/24/2018,$132.88,3147502,$132.14,$133.93,$130.79
04/23/2018,$137.23,1718236,$137.09,$137.68,$136.03
04/20/2018,$136.84,1423564,$136.86,$137.84,$135.85
04/19/2018,$136.59,1624341,$135.75,$137.52,$135.645
04/18/2018,$136.47,1397095,$137.77,$137.92,$135.18
04/17/2018,$137.34,1817407,$138.465,$138.99,$137.01
04/16/2018,$137.55,1354919,$137.55,$138.32,$136.30
04/13/2018,$136.29,1030611,$138.37,$138.61,$135.60
04/12/2018,$137.29,1092586,$137.35,$138.33,$136.73
04/11/2018,$136.59,919776,$135.80,$137.13,$135.64
04/10/2018,$137.86,1347044,$138.70,$139.26,$137.12
04/09/2018,$137.23,1758310,$137.76,$139.12,$136.47
04/06/2018,$137.25,1738587,$138.55,$139.54,$136.43
04/05/2018,$139.29,1209603,$139.20,$140.03,$138.05
04/04/2018,$138.63,1479697,$135.02,$138.81,$134.54
04/03/2018,$136.99,1472069,$135.40,$137.28,$134.84
04/02/2018,$134.84,2212205,$138.52,$138.73,$132.89
03/29/2018,$138.86,1378018,$139.48,$139.97,$138.4699
03/28/2018,$138.79,1788149,$137.12,$139.34,$136.49
03/27/2018,$136.75,1385464,$139.18,$139.18,$135.93
03/26/2018,$138.22,1364545,$136.57,$138.39,$136.17
03/23/2018,$134.90,1690856,$138.39,$138.65,$134.77
03/22/2018,$138.15,1845261,$140.01,$140.63,$138.09
03/21/2018,$141.10,1210130,$141.56,$142.64,$140.40
03/20/2018,$141.48,973815,$140.64,$142.12,$140.18
03/19/2018,$140.02,1459718,$141.29,$141.29,$139.56
03/16/2018,$141.32,3939221,$140.15,$142.10,$140.03
03/15/2018,$140.47,1307160,$140.24,$141.82,$139.38
03/14/2018,$139.52,1285083,$141.68,$141.68,$139.01
03/13/2018,$140.69,1347461,$142.29,$142.61,$140.51
03/12/2018,$141.49,1194408,$142.79,$143.25,$140.90
03/09/2018,$142.30,1429029,$140.20,$142.43,$139.83
03/08/2018,$139.67,1663264,$138.92,$139.86,$138.20
03/07/2018,$138.88,1779352,$140.45,$140.715,$137.53
03/06/2018,$141.39,1467325,$140.13,$141.53,$139.30
03/05/2018,$139.58,1903149,$138.02,$140.38,$137.70
03/02/2018,$137.88,1844247,$138.00,$138.81,$136.76
03/01/2018,$138.97,2382095,$139.40,$139.94,$137.18
02/28/2018,$139.00,1462535,$141.97,$142.77,$138.89
02/27/2018,$141.54,1869523,$143.13,$143.41,$141.08
02/26/2018,$142.58,1809583,$140.21,$143.40,$140.21
02/23/2018,$139.74,1999788,$138.30,$139.85,$137.57
02/22/2018,$137.64,1742199,$138.68,$139.9899,$137.35
02/21/2018,$138.54,1334512,$139.28,$140.92,$138.52
02/20/2018,$139.07,1527313,$140.48,$140.80,$138.39
02/16/2018,$141.16,1923925,$140.93,$141.88,$140.44
02/15/2018,$140.88,1401766,$141.95,$142.24,$139.905
02/14/2018,$140.60,1907066,$137.63,$140.88,$137.63
02/13/2018,$138.58,1208227,$137.64,$138.82,$136.72
02/12/2018,$138.14,2404566,$137.27,$139.17,$136.08
02/09/2018,$137.08,3642963,$135.91,$138.15,$132.76
02/08/2018,$135.01,3133053,$141.52,$141.98,$134.91
02/07/2018,$142.14,3029912,$140.08,$143.9372,$139.96
02/06/2018,$140.85,3853614,$137.02,$141.21,$136.33
02/05/2018,$141.52,3299323,$146.63,$147.88,$139.57
02/02/2018,$147.95,2292708,$149.69,$150.55,$147.81
02/01/2018,$150.00,1992577,$149.68,$150.48,$148.80
01/31/2018,$149.92,2078125,$148.31,$150.18,$147.72
01/30/2018,$148.72,2397244,$148.69,$150.42,$148.00
01/29/2018,$148.96,1860547,$149.52,$149.69,$148.5552
01/26/2018,$149.42,2534202,$149.40,$150.1899,$148.26
01/25/2018,$148.47,2201520,$147.43,$148.88,$146.95
01/24/2018,$147.62,2372491,$146.91,$148.05,$146.27
01/23/2018,$146.26,4993634,$144.34,$146.96,$142.79
01/22/2018,$139.35,2916406,$137.46,$139.35,$137.3191
01/19/2018,$137.85,1612639,$137.76,$137.99,$136.69
01/18/2018,$137.34,1543964,$137.06,$137.70,$136.18
01/17/2018,$136.86,1730057,$136.60,$137.40,$135.53
01/16/2018,$135.52,1807683,$135.10,$136.03,$134.42
01/12/2018,$134.73,2010111,$133.05,$134.99,$132.03
01/11/2018,$132.34,1046400,$132.09,$132.875,$131.66
01/10/2018,$132.11,1171661,$132.50,$133.02,$131.82
01/09/2018,$132.47,2081496,$132.59,$134.19,$132.20
01/08/2018,$131.45,1343316,$132.16,$132.40,$131.10
01/05/2018,$132.16,1144062,$132.58,$132.58,$131.37
01/04/2018,$132.40,1195505,$133.18,$133.751,$132.36
01/03/2018,$132.40,1308093,$131.435,$132.78,$131.435
01/02/2018,$131.98,2388812,$136.30,$136.30,$131.46
12/29/2017,$135.64,812345,$136.02,$136.49,$135.28
12/28/2017,$135.66,698740,$135.25,$135.70,$134.79
12/27/2017,$134.77,945416,$134.93,$135.14,$134.29
12/26/2017,$134.78,564742,$134.90,$135.6099,$134.16
12/22/2017,$134.39,879374,$134.70,$134.86,$133.91
12/21/2017,$134.44,933310,$135.88,$136.20,$131.44
12/20/2017,$135.26,1070159,$136.45,$136.45,$134.80
12/19/2017,$135.54,1365033,$136.01,$136.61,$134.93
12/18/2017,$135.21,1692799,$135.60,$137.29,$134.69
12/15/2017,$134.89,3170654,$133.23,$135.345,$132.91
12/14/2017,$132.58,1270318,$134.00,$134.17,$131.851
12/13/2017,$133.56,1328622,$134.37,$134.37,$133.22
12/12/2017,$134.35,1404929,$132.82,$134.60,$132.765
12/11/2017,$133.16,973394,$133.92,$133.99,$132.54
12/08/2017,$133.75,1085281,$133.76,$133.81,$132.81
12/07/2017,$134.21,1081234,$134.80,$135.135,$133.95
12/06/2017,$135.36,1044778,$135.72,$136.15,$135.11
12/05/2017,$135.32,1463870,$137.16,$137.25,$135.12
12/04/2017,$136.36,2187969,$136.42,$137.95,$135.81
12/01/2017,$136.21,2549590,$136.26,$136.44,$134.10
11/30/2017,$135.57,2140691,$135.21,$136.48,$133.825
11/29/2017,$134.53,1772302,$133.78,$135.03,$133.06
11/28/2017,$133.01,1821343,$130.29,$133.19,$130.00
11/27/2017,$130.48,1349460,$129.78,$130.89,$129.66
11/24/2017,$129.83,305358,$130.03,$130.26,$129.60
11/22/2017,$130.01,779693,$130.47,$130.77,$129.72
11/21/2017,$130.63,1105450,$130.34,$131.03,$130.02
11/20/2017,$129.77,1557616,$129.94,$130.221,$128.79
11/17/2017,$129.92,2372061,$130.67,$130.79,$129.72
11/16/2017,$130.81,2327260,$133.38,$133.56,$130.657
11/15/2017,$133.71,1836311,$133.12,$134.1996,$132.75
11/14/2017,$133.86,1812206,$132.85,$133.98,$131.69
11/13/2017,$133.32,2742667,$135.16,$135.44,$133.20
11/10/2017,$135.54,2107103,$134.01,$135.66,$133.35
11/09/2017,$134.53,1353116,$133.12,$135.08,$132.44
11/08/2017,$133.52,1564993,$133.88,$134.55,$133.44
11/07/2017,$133.72,1495235,$133.98,$134.74,$133.41
11/06/2017,$133.44,734987,$133.55,$133.78,$132.82
11/03/2017,$133.32,1088837,$134.45,$134.73,$132.87
11/02/2017,$134.69,2167884,$133.93,$135.71,$132.96
11/01/2017,$133.47,1749483,$133.98,$134.03,$132.63
10/31/2017,$132.45,1497741,$132.48,$132.95,$132.215
10/30/2017,$132.62,1579101,$131.09,$132.88,$130.80
10/27/2017,$131.06,1602413,$131.55,$131.68,$130.05
10/26/2017,$131.94,1490813,$132.72,$132.89,$130.75
10/25/2017,$131.78,1628943,$133.38,$133.44,$131.75
10/24/2017,$133.19,1706924,$134.04,$134.40,$132.72
10/23/2017,$134.45,1790192,$133.73,$134.47,$132.88
10/20/2017,$133.32,1838305,$134.00,$134.11,$132.53
10/19/2017,$133.17,2970858,$129.78,$133.17,$128.24
10/18/2017,$130.02,1991620,$128.70,$130.16,$128.47
10/17/2017,$128.65,1743272,$128.44,$128.86,$127.50
10/16/2017,$128.82,1765873,$127.33,$129.62,$126.90
10/13/2017,$126.67,1087096,$126.16,$127.17,$125.79
10/12/2017,$125.95,967453,$126.02,$126.50,$125.46
10/11/2017,$125.61,1059218,$125.64,$126.32,$125.485
10/10/2017,$125.94,967885,$124.88,$125.95,$124.77
10/09/2017,$124.95,723739,$124.80,$125.49,$124.35
10/06/2017,$125.07,1152158,$124.58,$125.36,$124.235
10/05/2017,$124.44,1135716,$123.98,$124.84,$123.701
10/04/2017,$123.90,836932,$123.71,$124.29,$123.28
10/03/2017,$123.70,1275582,$123.31,$123.73,$122.39
10/02/2017,$123.32,1458765,$122.87,$123.47,$121.715
09/29/2017,$122.52,1282759,$122.62,$123.20,$121.90
09/28/2017,$122.80,1097060,$122.41,$123.26,$122.25
09/27/2017,$122.59,1093263,$123.46,$123.46,$122.49
09/26/2017,$122.57,1297733,$122.67,$123.49,$122.2401
09/25/2017,$122.67,1136477,$121.96,$122.97,$121.55
09/22/2017,$122.04,1187614,$121.49,$122.17,$121.0501
09/21/2017,$121.49,1179380,$122.11,$122.90,$121.13
09/20/2017,$121.91,1489348,$121.07,$121.98,$119.90
09/19/2017,$120.58,1248293,$120.64,$121.42,$120.46
09/18/2017,$120.72,1068628,$120.72,$121.08,$120.13
09/15/2017,$120.70,3034682,$120.59,$121.16,$119.48
09/14/2017,$119.96,1812922,$121.47,$121.47,$118.75
09/13/2017,$121.51,1561115,$122.23,$122.48,$120.79
09/12/2017,$122.48,1811854,$122.55,$123.192,$121.32
09/11/2017,$122.56,3439908,$123.51,$126.68,$122.37
09/08/2017,$119.76,4214484,$114.71,$120.83,$114.48
09/07/2017,$115.18,2715683,$116.59,$116.95,$113.76
09/06/2017,$117.73,3561866,$116.00,$118.40,$115.45
09/05/2017,$115.43,3653007,$119.01,$119.04,$115.21
09/01/2017,$119.90,1547044,$121.74,$121.75,$119.67
08/31/2017,$121.18,2156515,$122.05,$122.16,$120.16
08/30/2017,$121.81,1349109,$123.21,$123.53,$121.62
08/29/2017,$123.01,1476237,$122.60,$123.96,$122.28
08/28/2017,$123.23,2534856,$124.92,$125.5112,$122.42
08/25/2017,$126.47,1331684,$125.99,$126.69,$125.56
08/24/2017,$125.57,1045107,$127.33,$127.37,$125.51
08/23/2017,$127.16,946955,$127.75,$128.22,$126.99
08/22/2017,$127.77,1092359,$127.92,$128.09,$127.435
08/21/2017,$127.45,1010548,$128.07,$128.07,$126.9208
08/18/2017,$127.89,1246905,$128.27,$128.53,$127.52
08/17/2017,$128.19,1602196,$129.64,$129.64,$128.05
08/16/2017,$129.47,1424061,$129.62,$130.37,$129.00
08/15/2017,$129.05,1139473,$129.00,$129.42,$128.66
08/14/2017,$128.79,1092726,$128.33,$129.06,$128.22
08/11/2017,$128.18,1535138,$129.94,$130.36,$128.04
08/10/2017,$129.69,2359521,$129.72,$130.18,$129.20
08/09/2017,$130.15,1605075,$128.87,$130.18,$128.34
08/08/2017,$128.55,1041481,$128.75,$129.16,$128.45
08/07/2017,$128.80,1008321,$129.27,$129.855,$128.62
08/04/2017,$129.69,1838115,$129.82,$130.00,$128.97
08/03/2017,$129.56,1081181,$128.79,$129.85,$128.51
08/02/2017,$128.73,1402196,$129.02,$129.91,$128.56
08/01/2017,$129.21,1515786,$128.50,$129.25,$128.14
07/31/2017,$128.09,1077258,$127.51,$128.27,$127.34
07/28/2017,$127.21,1277677,$126.11,$127.47,$125.725
07/27/2017,$125.88,1694031,$125.31,$126.235,$124.86
07/26/2017,$126.00,1288911,$127.31,$127.57,$125.70
07/25/2017,$127.46,1578072,$127.79,$128.21,$127.19
07/24/2017,$126.38,1329398,$125.25,$126.58,$125.20
07/21/2017,$125.15,1373057,$124.38,$125.20,$123.53
07/20/2017,$124.57,2203054,$123.28,$125.41,$122.89
07/19/2017,$126.46,1251971,$125.97,$126.58,$124.59
07/18/2017,$125.53,1339189,$126.05,$126.09,$125.07
07/17/2017,$126.23,937396,$126.04,$126.28,$125.45
07/14/2017,$125.72,1382377,$125.25,$125.97,$124.62
07/13/2017,$125.43,886707,$125.25,$125.675,$124.7648
07/12/2017,$125.25,1034520,$125.61,$125.90,$124.98
07/11/2017,$125.05,937740,$125.96,$126.02,$124.35
07/10/2017,$125.77,1518082,$126.57,$126.98,$125.77
07/07/2017,$127.17,962285,$126.79,$127.28,$126.01
07/06/2017,$126.18,1014593,$126.51,$127.05,$126.00
07/05/2017,$126.37,1402623,$127.47,$127.47,$126.13
07/03/2017,$127.34,932749,$126.98,$128.24,$126.69
06/30/2017,$126.53,1186460,$126.52,$126.92,$125.80
06/29/2017,$126.39,1908941,$128.22,$128.23,$125.96
06/28/2017,$127.78,1324710,$127.73,$128.43,$127.39
06/27/2017,$127.38,1027598,$128.38,$128.38,$127.33
06/26/2017,$127.95,1004866,$127.60,$128.17,$127.29
06/23/2017,$127.66,1899307,$128.00,$128.64,$127.17
06/22/2017,$128.31,1117052,$128.17,$128.71,$128.15
06/21/2017,$128.58,1115255,$128.75,$129.10,$128.39
06/20/2017,$128.75,1163701,$128.35,$129.1529,$128.30
06/19/2017,$128.27,1313214,$129.40,$129.49,$128.02
06/16/2017,$129.44,2471303,$129.48,$129.60,$128.25
06/15/2017,$129.02,1817316,$127.94,$129.285,$127.83
06/14/2017,$127.96,1573501,$126.40,$128.17,$126.06
06/13/2017,$126.10,1297601,$125.57,$126.10,$125.32
06/12/2017,$125.67,1534069,$125.21,$125.80,$124.78
06/09/2017,$125.23,1038528,$123.86,$125.25,$123.78
06/08/2017,$123.78,1822173,$123.42,$124.52,$123.19
06/07/2017,$123.50,1138891,$123.87,$124.11,$123.24
06/06/2017,$124.03,1277672,$125.19,$125.45,$124.02
06/05/2017,$125.38,1052393,$125.00,$125.74,$124.925
06/02/2017,$125.15,1210828,$125.33,$125.80,$124.99
06/01/2017,$125.40,1429154,$124.97,$125.45,$124.45
05/31/2017,$124.85,2125027,$123.87,$124.96,$123.535
05/30/2017,$123.73,1139156,$123.36,$124.23,$123.16
05/26/2017,$123.66,925556,$123.59,$123.92,$123.34
05/25/2017,$123.72,1849307,$122.59,$123.94,$122.38
05/24/2017,$122.05,1116659,$121.77,$122.166,$121.57
05/23/2017,$121.66,1128622,$121.56,$122.12,$121.40
05/22/2017,$121.65,1272551,$120.83,$122.13,$120.68
05/19/2017,$120.79,1573688,$120.85,$121.20,$120.00
05/18/2017,$120.88,2123477,$120.13,$121.87,$119.75
05/17/2017,$120.25,1399381,$119.38,$120.57,$119.066
05/16/2017,$119.93,1168694,$120.27,$120.67,$119.76
05/15/2017,$120.25,1134305,$120.57,$121.36,$120.16
05/12/2017,$120.59,1127477,$120.15,$120.98,$120.021
05/11/2017,$120.54,1370787,$120.16,$120.7399,$119.69
05/10/2017,$120.69,1448825,$119.63,$120.98,$119.63
05/09/2017,$119.95,1467525,$120.93,$121.16,$119.80
05/08/2017,$121.01,1390461,$121.30,$121.55,$120.77
05/05/2017,$121.30,1286323,$121.02,$121.32,$120.60
05/04/2017,$120.81,1035978,$121.42,$121.65,$120.27
05/03/2017,$120.81,841464,$120.10,$121.11,$120.10
05/02/2017,$120.36,1162687,$121.00,$121.375,$120.1101
05/01/2017,$121.18,1660802,$121.79,$121.79,$121.15
04/28/2017,$121.66,1290210,$122.17,$122.36,$121.51
04/27/2017,$122.16,1658222,$122.11,$122.44,$121.62
04/26/2017,$122.01,2433209,$121.46,$122.99,$121.40
04/25/2017,$121.32,1763311,$121.13,$121.70,$120.92
04/24/2017,$120.57,1904928,$120.96,$121.38,$119.76
04/21/2017,$119.10,2100677,$119.55,$119.55,$118.52
04/20/2017,$118.88,3559550,$118.06,$119.41,$117.3401
04/19/2017,$120.40,1051487,$121.26,$121.41,$119.95
04/18/2017,$120.75,1086469,$121.43,$121.63,$120.51
04/17/2017,$121.92,874413,$121.22,$121.94,$120.74
04/13/2017,$120.53,1062320,$121.15,$121.44,$120.36
04/12/2017,$121.46,1352865,$121.07,$121.63,$120.52
04/11/2017,$121.19,1262552,$120.67,$121.37,$120.38
04/10/2017,$121.11,997568,$120.03,$121.42,$120.01
04/07/2017,$120.15,1063596,$120.00,$120.78,$119.80
04/06/2017,$120.54,1226491,$121.00,$121.07,$120.19
04/05/2017,$120.91,1284644,$120.98,$121.54,$120.55
04/04/2017,$120.61,901835,$120.64,$120.79,$120.20
04/03/2017,$120.38,1135511,$120.57,$120.805,$119.80
03/31/2017,$120.54,1114709,$120.93,$120.995,$120.17
03/30/2017,$121.03,1093148,$120.36,$121.26,$120.36
03/29/2017,$120.53,1133677,$121.51,$121.58,$120.50
03/28/2017,$121.80,1187291,$120.76,$121.89,$120.44
03/27/2017,$121.01,1087729,$120.17,$121.11,$120.0101
03/24/2017,$120.77,1334242,$121.38,$121.41,$120.24
03/23/2017,$121.29,1054211,$121.64,$122.28,$121.13
03/22/2017,$122.03,995907,$121.92,$122.18,$121.17
03/21/2017,$121.69,1240377,$122.79,$122.85,$121.40
03/20/2017,$122.36,1485856,$122.98,$122.98,$122.01
03/17/2017,$123.14,3103636,$122.95,$123.17,$122.17
03/16/2017,$122.74,1166606,$122.98,$123.52,$122.28
03/15/2017,$122.99,1117836,$123.00,$123.15,$122.31
03/14/2017,$122.62,903619,$121.77,$122.85,$121.75
03/13/2017,$122.15,1069149,$122.54,$122.92,$121.81
03/10/2017,$122.83,1281900,$122.32,$122.86,$121.75
03/09/2017,$121.90,1707311,$121.65,$122.30,$121.36
03/08/2017,$121.24,2193455,$122.35,$122.76,$121.05
03/07/2017,$122.14,1773937,$122.63,$122.63,$121.68
03/06/2017,$122.32,2417939,$124.03,$124.28,$122.29
03/03/2017,$124.13,1512877,$124.79,$125.16,$123.99
03/02/2017,$124.52,1529665,$125.49,$125.49,$124.47
03/01/2017,$124.99,2619558,$123.81,$125.16,$122.98
02/28/2017,$122.24,1966038,$122.05,$122.96,$121.79
02/27/2017,$122.04,914370,$121.86,$122.76,$121.61
02/24/2017,$122.27,1698631,$122.36,$122.68,$121.74
02/23/2017,$122.36,1134121,$122.41,$123.08,$121.71
02/22/2017,$121.90,1184887,$121.42,$122.42,$121.27
02/21/2017,$121.55,1245572,$121.81,$122.45,$121.06
02/17/2017,$121.95,1334678,$121.72,$122.00,$121.08
02/16/2017,$121.79,1498915,$121.05,$121.79,$120.73
02/15/2017,$120.98,1416088,$120.65,$120.99,$120.11
02/14/2017,$120.24,1397061,$119.71,$120.32,$119.49
02/13/2017,$119.71,1517177,$117.37,$120.10,$117.29
02/10/2017,$119.73,1203168,$119.00,$120.21,$118.99
02/09/2017,$118.78,1099914,$117.89,$119.17,$117.854
02/08/2017,$117.81,905125,$117.49,$117.98,$117.36
02/07/2017,$117.76,1161710,$118.10,$118.22,$117.40
02/06/2017,$117.67,987950,$116.46,$117.94,$116.46
02/03/2017,$117.78,1355201,$118.42,$118.65,$117.60
02/02/2017,$117.63,1081967,$116.55,$117.81,$116.55
02/01/2017,$116.54,1402592,$117.69,$118.24,$116.25
01/31/2017,$117.78,1478048,$117.54,$117.81,$117.01
01/30/2017,$117.51,1200979,$118.02,$118.02,$117.16
01/27/2017,$118.10,961452,$118.40,$118.43,$117.43
01/26/2017,$118.13,1360824,$117.65,$118.43,$117.65
01/25/2017,$117.67,1536121,$117.33,$118.65,$117.33
01/24/2017,$116.84,3036946,$118.55,$119.15,$116.16
01/23/2017,$118.04,1593265,$118.16,$118.259,$117.43
01/20/2017,$118.02,1222280,$118.57,$118.89,$117.63
01/19/2017,$117.99,994745,$118.91,$118.95,$117.42
01/18/2017,$118.54,1486799,$118.08,$118.59,$117.14
01/17/2017,$117.46,1607915,$117.01,$118.16,$116.62
01/13/2017,$117.05,1543846,$117.27,$117.85,$116.70
01/12/2017,$116.75,1679167,$117.25,$117.27,$115.88
01/11/2017,$117.65,1423775,$117.22,$118.15,$117.19
01/10/2017,$117.18,1758807,$116.69,$117.72,$116.45
01/09/2017,$117.32,1526223,$118.15,$118.25,$117.30
01/06/2017,$118.27,1532278,$117.83,$118.71,$117.62
01/05/2017,$118.33,2696487,$119.29,$119.50,$117.28
01/04/2017,$120.25,1777947,$120.87,$121.74,$120.22
01/03/2017,$120.90,1955430,$123.07,$123.07,$120.26
12/30/2016,$122.42,1014276,$122.79,$122.84,$122.05
12/29/2016,$122.29,767790,$122.07,$122.60,$121.91
12/28/2016,$122.08,856374,$122.40,$122.77,$121.97
12/27/2016,$121.98,607790,$122.27,$122.27,$121.65
12/23/2016,$122.12,885747,$122.13,$122.44,$121.68
12/22/2016,$122.12,1443190,$122.25,$122.87,$121.62
12/21/2016,$122.57,1575872,$121.94,$123.09,$121.94
12/20/2016,$122.44,1132664,$122.15,$122.82,$121.86
12/19/2016,$121.75,1399792,$121.61,$122.20,$121.38
12/16/2016,$121.60,3221971,$121.04,$121.93,$120.60
12/15/2016,$120.40,1856388,$120.93,$121.71,$120.20
12/14/2016,$120.37,2390431,$121.34,$121.44,$119.89
12/13/2016,$121.43,2352195,$121.08,$122.47,$120.94
12/12/2016,$120.91,1880054,$119.87,$120.99,$119.56
12/09/2016,$119.19,2138835,$118.70,$119.19,$117.87
12/08/2016,$118.38,2046154,$118.38,$119.26,$118.17
12/07/2016,$117.99,2316808,$116.48,$118.36,$116.22
12/06/2016,$116.83,1785833,$116.39,$116.87,$115.80
12/05/2016,$115.87,2041512,$116.05,$116.125,$114.80
12/02/2016,$115.65,1883153,$114.95,$115.955,$114.86
12/01/2016,$115.41,2347448,$114.22,$115.52,$113.85
11/30/2016,$113.35,2756400,$113.61,$114.01,$113.18
11/29/2016,$113.70,1783451,$113.90,$114.12,$113.50
11/28/2016,$113.81,1456553,$113.35,$114.24,$113.35
11/25/2016,$113.45,686329,$113.47,$113.88,$113.10
11/23/2016,$113.07,1004781,$112.67,$113.23,$112.44
11/22/2016,$112.40,1647657,$111.94,$112.62,$111.83
11/21/2016,$111.84,1388161,$112.01,$112.34,$111.25
11/18/2016,$111.82,1718010,$111.25,$112.12,$110.82
11/17/2016,$111.18,1505601,$110.97,$111.48,$110.395
11/16/2016,$111.35,1717142,$111.45,$111.56,$110.70
11/15/2016,$111.85,1823890,$111.98,$112.03,$111.36
11/14/2016,$112.18,3216072,$110.77,$112.25,$110.65
11/11/2016,$110.28,1962328,$109.48,$110.58,$109.10
11/10/2016,$109.62,2748905,$107.30,$109.79,$106.64
11/09/2016,$106.94,3661679,$103.45,$107.52,$103.45
11/08/2016,$108.01,2077850,$105.43,$108.16,$105.16
11/07/2016,$105.36,1804175,$106.22,$106.22,$104.92
11/04/2016,$104.67,1862833,$106.07,$106.07,$104.569
11/03/2016,$105.72,1691778,$106.02,$106.47,$105.53
11/02/2016,$105.62,1718577,$106.28,$106.59,$105.35
11/01/2016,$106.24,2561062,$108.60,$108.60,$106.02
10/31/2016,$108.18,2162143,$108.93,$109.02,$107.88
10/28/2016,$108.43,2245084,$108.60,$109.03,$107.59
10/27/2016,$108.02,2545531,$109.32,$109.32,$107.97
10/26/2016,$108.82,2644584,$108.73,$109.33,$108.04
10/25/2016,$109.03,2569672,$109.36,$109.90,$108.77
10/24/2016,$109.07,2522651,$109.10,$109.475,$108.83
10/21/2016,$108.35,3765287,$108.53,$109.22,$106.86
10/20/2016,$109.52,4605913,$112.83,$113.51,$109.25
10/19/2016,$116.23,2726654,$115.66,$116.91,$115.12
10/18/2016,$115.18,1454045,$116.14,$116.19,$114.99
10/17/2016,$114.98,1349961,$115.00,$115.43,$114.72
10/14/2016,$115.08,1350619,$115.84,$116.20,$115.08
10/13/2016,$115.06,1237549,$114.99,$115.31,$114.15
10/12/2016,$115.35,1466124,$113.92,$115.53,$113.73
10/11/2016,$114.00,1180736,$114.48,$114.8686,$113.67
10/10/2016,$115.14,803592,$114.94,$115.47,$114.63
10/07/2016,$114.53,1600038,$113.77,$114.85,$113.515
10/06/2016,$113.18,1336316,$113.19,$113.43,$112.11
10/05/2016,$113.10,1098612,$112.94,$113.51,$112.49
10/04/2016,$112.32,1529860,$113.31,$113.31,$111.27
10/03/2016,$113.00,1234620,$114.27,$114.42,$112.60
09/30/2016,$114.55,1361208,$114.18,$115.055,$114.18
09/29/2016,$113.87,1209903,$114.81,$115.06,$113.64
09/28/2016,$115.01,859867,$114.70,$115.09,$114.18
09/27/2016,$114.41,1758557,$113.89,$114.80,$113.74
09/26/2016,$113.94,1617972,$115.07,$115.07,$113.7667
09/23/2016,$115.31,1138959,$116.63,$116.68,$115.31
09/22/2016,$116.73,1104882,$116.42,$116.98,$116.13
09/21/2016,$115.93,1496573,$114.89,$115.98,$114.60
09/20/2016,$114.79,1080903,$115.87,$115.915,$114.72
09/19/2016,$115.09,1227540,$115.13,$116.00,$114.42
09/16/2016,$114.67,3499706,$114.51,$115.10,$113.60
09/15/2016,$114.94,1391921,$113.47,$115.22,$113.47
09/14/2016,$113.71,1612085,$114.39,$114.50,$113.48
09/13/2016,$114.26,1661654,$114.36,$114.81,$113.95
09/12/2016,$115.52,2341649,$114.13,$115.75,$113.70
09/09/2016,$114.44,2005098,$116.38,$116.38,$114.42
09/08/2016,$116.90,1582774,$118.04,$118.34,$116.89
09/07/2016,$118.68,1149599,$118.49,$118.8675,$118.25
09/06/2016,$119.29,1156408,$118.52,$119.31,$118.39
09/02/2016,$118.84,1090336,$118.06,$119.32,$118.06
09/01/2016,$118.35,1462458,$118.90,$118.90,$117.67
08/31/2016,$118.71,1589647,$118.21,$119.05,$118.02
08/30/2016,$118.47,1454133,$117.16,$119.10,$117.16
08/29/2016,$118.48,1277833,$117.63,$118.72,$117.491
08/26/2016,$117.14,1578970,$118.07,$118.80,$116.64
08/25/2016,$117.75,823103,$117.13,$118.05,$116.98
08/24/2016,$117.11,1013986,$116.66,$117.235,$115.97
08/23/2016,$116.63,870964,$117.28,$117.70,$116.61
08/22/2016,$116.95,1137232,$117.40,$117.40,$116.31
08/19/2016,$117.47,1108625,$117.38,$117.61,$116.98
08/18/2016,$117.82,1271362,$117.37,$117.82,$117.05
08/17/2016,$117.42,1224235,$117.10,$117.63,$116.61
08/16/2016,$116.98,1099923,$117.94,$118.44,$116.98
08/15/2016,$118.35,1029741,$118.58,$118.75,$118.08
08/12/2016,$118.51,815691,$118.58,$118.86,$118.37
08/11/2016,$118.60,986930,$118.70,$118.90,$118.365
08/10/2016,$118.23,952161,$117.95,$118.36,$117.82
08/09/2016,$118.18,976695,$118.30,$118.53,$118.09
08/08/2016,$118.15,1226524,$118.42,$118.85,$117.70
08/05/2016,$118.58,1236042,$118.41,$118.76,$117.96
08/04/2016,$117.88,1901023,$118.10,$118.45,$117.50
08/03/2016,$117.98,1337860,$117.28,$117.99,$117.13
08/02/2016,$117.03,1106304,$116.71,$117.16,$116.51
08/01/2016,$116.81,1509090,$116.26,$116.90,$116.00
07/29/2016,$116.22,2169132,$117.34,$117.68,$116.13
07/28/2016,$117.61,1267926,$116.58,$117.6803,$116.21
07/27/2016,$116.43,1976870,$117.14,$117.50,$116.19
07/26/2016,$117.65,1358112,$117.71,$118.13,$117.00
07/25/2016,$117.45,1265545,$117.00,$117.53,$116.47
07/22/2016,$117.15,1068025,$116.72,$117.61,$115.87
07/21/2016,$116.72,1807299,$116.39,$116.87,$115.00
07/20/2016,$117.01,1662481,$117.45,$117.65,$116.94
07/19/2016,$117.05,1384418,$116.93,$117.32,$116.56
07/18/2016,$117.38,2034812,$118.49,$118.86,$117.36
07/15/2016,$118.64,1546811,$119.14,$119.19,$118.38
07/14/2016,$118.74,1090269,$119.00,$119.08,$118.38
07/13/2016,$118.00,1231822,$118.34,$118.52,$117.96
07/12/2016,$118.09,1208493,$118.40,$118.90,$117.67
07/11/2016,$118.12,1019528,$118.32,$118.47,$117.91
07/08/2016,$118.08,1197332,$118.40,$118.425,$117.55
07/07/2016,$117.51,1237142,$118.70,$118.79,$117.05
07/06/2016,$118.76,1360410,$118.38,$118.97,$118.045
07/05/2016,$118.68,1406124,$118.25,$119.04,$118.02
07/01/2016,$118.85,1353356,$118.96,$119.30,$118.2275
06/30/2016,$119.04,2584307,$116.91,$119.05,$116.83
06/29/2016,$116.81,2190850,$114.88,$116.85,$114.7244
06/28/2016,$114.13,2062602,$111.87,$114.15,$111.08
06/27/2016,$110.35,1878828,$110.47,$110.83,$109.33
06/24/2016,$111.02,2421272,$109.31,$112.42,$109.19
06/23/2016,$113.85,1128248,$113.22,$113.90,$112.53
06/22/2016,$111.83,1565765,$112.91,$113.07,$111.715
06/21/2016,$112.72,1056147,$112.91,$113.15,$112.46
06/20/2016,$112.61,1171220,$112.63,$113.59,$112.51
06/17/2016,$111.86,2102207,$113.07,$113.10,$111.33
06/16/2016,$112.75,1143088,$111.24,$112.785,$111.00
06/15/2016,$111.81,1174642,$112.88,$113.07,$111.69
06/14/2016,$112.55,1530656,$113.12,$113.25,$112.25
06/13/2016,$113.00,1363406,$113.61,$114.56,$112.89
06/10/2016,$113.81,1203642,$114.13,$114.41,$113.27
06/09/2016,$114.22,918802,$113.83,$114.3899,$113.53
06/08/2016,$114.22,1280955,$113.55,$114.50,$113.55
06/07/2016,$114.58,1889275,$114.61,$115.01,$114.23
06/06/2016,$114.33,1339185,$115.00,$115.33,$114.12
06/03/2016,$114.62,1087383,$114.12,$114.96,$113.28
06/02/2016,$114.87,1130876,$114.76,$114.885,$114.21
06/01/2016,$114.84,1398813,$113.75,$114.87,$113.37
05/31/2016,$114.14,2135485,$114.23,$115.00,$113.49
05/27/2016,$114.18,1031261,$113.61,$114.34,$113.55
05/26/2016,$113.60,1205220,$113.48,$113.76,$113.01
05/25/2016,$113.54,1180237,$113.76,$114.38,$113.33
05/24/2016,$113.44,1386364,$111.61,$113.50,$111.50
05/23/2016,$111.39,1110678,$111.70,$112.19,$111.21
05/20/2016,$111.89,1806616,$110.75,$112.46,$110.48
05/19/2016,$110.10,1638255,$110.53,$110.97,$109.86
05/18/2016,$111.30,1346945,$110.27,$111.89,$109.98
05/17/2016,$110.42,1490486,$112.08,$112.26,$110.10
05/16/2016,$112.24,1154992,$112.26,$112.86,$111.94
05/13/2016,$112.67,1608246,$112.83,$113.01,$111.93
05/12/2016,$112.64,1274823,$112.19,$113.04,$111.63
05/11/2016,$111.97,1519541,$112.31,$113.12,$111.9001
05/10/2016,$112.27,1267056,$111.00,$112.28,$110.74
05/09/2016,$110.81,942259,$110.11,$111.05,$110.01
05/06/2016,$110.45,1273054,$110.50,$110.59,$109.73
05/05/2016,$110.75,1590145,$110.39,$111.16,$110.27
05/04/2016,$109.73,1348389,$109.52,$110.19,$108.68
05/03/2016,$110.33,1256396,$109.68,$110.69,$109.62
05/02/2016,$110.91,1413919,$110.01,$111.27,$110.01
04/29/2016,$109.90,1697574,$108.96,$110.12,$108.50
04/28/2016,$109.13,1448345,$108.72,$109.87,$108.37
04/27/2016,$109.53,2341989,$110.13,$110.13,$108.88
04/26/2016,$109.97,1614963,$110.63,$110.9299,$109.56
04/25/2016,$110.34,1482315,$110.55,$110.645,$109.51
04/22/2016,$110.84,2023539,$109.16,$111.17,$109.10
04/21/2016,$108.79,5073526,$111.53,$112.37,$108.25
04/20/2016,$115.80,1962604,$116.63,$116.68,$115.14
04/19/2016,$116.27,1216952,$116.81,$117.24,$116.09
04/18/2016,$116.01,2350319,$116.00,$116.33,$115.43
04/15/2016,$116.23,1550592,$115.74,$116.62,$115.35
04/14/2016,$115.36,1588270,$115.87,$115.99,$115.10
04/13/2016,$115.96,1483484,$115.87,$116.18,$114.8604
04/12/2016,$115.19,1749446,$114.81,$115.29,$114.13
04/11/2016,$114.78,1176600,$115.35,$116.28,$114.73
04/08/2016,$115.23,907049,$114.79,$116.01,$114.79
04/07/2016,$114.50,1293968,$115.58,$115.58,$114.36
04/06/2016,$115.93,1644216,$116.05,$116.3844,$114.96
04/05/2016,$116.13,1214902,$117.07,$117.84,$116.02
04/04/2016,$117.56,1096107,$117.65,$118.28,$117.17
04/01/2016,$117.40,1478969,$116.42,$117.55,$115.91
03/31/2016,$116.71,1110198,$117.39,$117.61,$116.49
03/30/2016,$117.43,1147755,$116.95,$117.70,$116.72
03/29/2016,$116.41,1234127,$116.21,$116.87,$115.77
03/28/2016,$116.25,885183,$116.11,$116.41,$115.57
03/24/2016,$115.39,1477414,$115.64,$115.92,$114.67
03/23/2016,$115.89,1458595,$116.16,$116.46,$115.05
03/22/2016,$116.06,1528403,$115.95,$116.78,$115.54
03/21/2016,$116.03,1200619,$115.32,$116.32,$115.32
03/18/2016,$115.76,5239587,$115.99,$116.00,$114.81
03/17/2016,$115.83,1518600,$114.73,$116.1667,$114.44
03/16/2016,$114.68,1409018,$113.50,$115.01,$113.50
03/15/2016,$113.92,1529131,$112.23,$114.38,$112.0768
03/14/2016,$112.82,1732098,$113.65,$113.80,$112.28
03/11/2016,$113.64,1978752,$112.19,$113.67,$112.13
03/10/2016,$111.53,1682975,$111.26,$112.36,$110.58
03/09/2016,$111.33,1452077,$111.50,$111.70,$110.83
03/08/2016,$110.85,1891927,$109.46,$111.58,$109.46
03/07/2016,$110.41,1226982,$110.02,$110.49,$109.56
03/04/2016,$110.40,1372878,$110.38,$110.59,$109.06
03/03/2016,$109.80,1819393,$109.92,$110.28,$108.63
03/02/2016,$110.20,1521015,$110.06,$110.44,$109.68
03/01/2016,$110.13,1651864,$108.13,$110.13,$108.04
02/29/2016,$107.52,2922459,$108.46,$108.72,$107.39
02/26/2016,$108.46,1807747,$109.60,$109.7978,$108.25
02/25/2016,$109.27,1392937,$108.79,$109.27,$108.22
02/24/2016,$108.48,1521880,$107.30,$108.80,$106.67
02/23/2016,$107.91,1523080,$108.64,$108.81,$107.63
02/22/2016,$109.35,2281108,$109.42,$109.53,$108.49
02/19/2016,$108.09,1682452,$108.56,$108.72,$107.83
02/18/2016,$108.85,1678136,$109.01,$109.25,$108.577
02/17/2016,$109.18,1913799,$108.00,$109.26,$107.63
02/16/2016,$107.37,2322251,$108.27,$108.50,$106.61
02/12/2016,$107.49,2095903,$104.82,$107.58,$104.18
02/11/2016,$103.77,2544617,$103.73,$104.56,$103.0701
02/10/2016,$105.72,1584543,$106.35,$107.647,$105.60
02/09/2016,$105.92,1983590,$103.95,$106.14,$103.77
02/08/2016,$105.60,3409343,$105.18,$106.00,$103.93
02/05/2016,$106.29,2756581,$107.49,$108.00,$106.01
02/04/2016,$107.49,1606996,$106.76,$107.57,$106.59
02/03/2016,$106.89,2084988,$106.35,$107.51,$104.74
02/02/2016,$106.03,1730188,$105.50,$106.44,$105.50
02/01/2016,$107.01,1843781,$106.79,$107.35,$106.17
01/29/2016,$107.04,2195908,$105.28,$107.07,$104.97
01/28/2016,$104.47,1391489,$103.79,$104.817,$103.04
01/27/2016,$103.31,1694543,$103.07,$104.75,$102.73
01/26/2016,$103.25,2018855,$102.26,$104.00,$102.18
01/25/2016,$102.08,2929963,$102.53,$103.40,$101.55
01/22/2016,$103.14,2483713,$103.63,$103.90,$102.08
01/21/2016,$102.70,3183963,$103.86,$105.10,$101.23
01/20/2016,$103.65,3319204,$104.89,$104.95,$102.68
01/19/2016,$105.76,2459587,$106.61,$106.67,$105.28
01/15/2016,$105.10,2532432,$103.28,$105.73,$103.28
01/14/2016,$106.98,1919027,$105.94,$108.01,$105.83
01/13/2016,$106.06,2881368,$108.27,$108.83,$105.83
01/12/2016,$107.98,2116010,$107.69,$108.20,$106.59
01/11/2016,$106.79,1549828,$106.47,$107.28,$105.62
01/08/2016,$105.99,1984371,$107.01,$107.44,$105.83
01/07/2016,$106.44,2284352,$107.50,$108.44,$106.03
01/06/2016,$109.04,1730804,$109.34,$109.79,$108.57
01/05/2016,$110.47,1870426,$109.92,$110.73,$109.54
01/04/2016,$109.97,2845969,$110.71,$110.96,$108.73
12/31/2015,$112.86,956059,$114.12,$114.32,$112.83
12/30/2015,$114.29,646678,$115.03,$115.27,$114.15
12/29/2015,$115.02,1049629,$114.08,$115.19,$113.99
12/28/2015,$113.48,712141,$113.00,$113.51,$112.66
12/24/2015,$113.27,507317,$112.87,$113.74,$112.74
12/23/2015,$113.21,1465161,$112.84,$113.25,$112.27
12/22/2015,$112.48,1771426,$111.72,$112.6299,$110.85
12/21/2015,$110.94,1423967,$110.86,$111.43,$110.02
12/18/2015,$110.13,5050059,$113.27,$113.27,$110.07
12/17/2015,$113.27,2215497,$114.69,$114.79,$113.24
12/16/2015,$114.54,1773458,$114.09,$114.84,$113.08
12/15/2015,$113.18,2262562,$111.77,$113.716,$111.75
12/14/2015,$111.03,2283731,$109.93,$112.03,$109.6708
12/11/2015,$109.76,1831942,$109.68,$110.96,$109.34
12/10/2015,$110.99,1580641,$110.89,$111.75,$110.25
12/09/2015,$111.04,1835515,$111.66,$112.89,$110.83
12/08/2015,$112.37,1991622,$112.42,$113.00,$111.72
12/07/2015,$113.59,1907479,$113.19,$114.00,$112.88
12/04/2015,$114.06,2226261,$111.72,$114.11,$111.72
12/03/2015,$111.29,4310063,$114.07,$114.28,$111.04
12/02/2015,$114.71,1667849,$115.41,$116.07,$114.62
12/01/2015,$115.68,1829615,$115.27,$116.36,$115.14
11/30/2015,$114.57,1835153,$115.17,$115.50,$114.40
11/27/2015,$114.85,548064,$114.71,$115.10,$114.35
11/25/2015,$114.80,1165367,$115.45,$115.5257,$114.57
11/24/2015,$115.44,1486249,$115.32,$115.77,$114.71
11/23/2015,$115.63,1320807,$115.81,$116.15,$115.39
11/20/2015,$115.83,1694666,$115.24,$116.48,$115.08
11/19/2015,$115.02,1067986,$114.85,$115.30,$114.13
11/18/2015,$114.68,1676476,$112.84,$114.79,$112.75
11/17/2015,$112.74,1568977,$112.81,$113.45,$112.43
11/16/2015,$112.89,1653536,$111.85,$112.91,$111.62
11/13/2015,$112.00,2042835,$112.36,$112.91,$111.83
11/12/2015,$112.31,1939443,$113.83,$114.19,$112.26
11/11/2015,$114.38,1226289,$114.31,$114.78,$113.85
11/10/2015,$114.05,1488312,$112.90,$114.10,$112.47
11/09/2015,$112.83,1585218,$112.72,$113.07,$112.41
11/06/2015,$113.10,2620778,$114.57,$114.78,$112.59
11/05/2015,$113.97,1511128,$114.43,$114.58,$113.84
11/04/2015,$114.08,2031597,$113.71,$114.36,$113.175
11/03/2015,$113.69,1534503,$113.80,$114.14,$112.99
11/02/2015,$113.87,1828571,$113.57,$113.98,$113.31
10/30/2015,$112.89,2207134,$114.56,$114.61,$112.89
10/29/2015,$114.29,1932910,$114.31,$114.77,$113.685
10/28/2015,$114.26,1782678,$113.81,$114.3201,$113.08
10/27/2015,$113.41,2119835,$112.17,$113.76,$112.12
10/26/2015,$112.77,1799513,$112.59,$112.99,$112.22
10/23/2015,$112.28,2326778,$112.79,$112.97,$111.90
10/22/2015,$112.32,2487980,$110.82,$112.93,$110.76
10/21/2015,$110.70,3117582,$109.50,$111.88,$109.49
10/20/2015,$108.95,3135000,$108.58,$109.86,$107.91
10/19/2015,$106.32,2395142,$105.74,$106.47,$104.81
10/16/2015,$105.90,1869880,$105.24,$105.97,$105.04
10/15/2015,$104.96,1656971,$103.62,$104.96,$103.22
10/14/2015,$102.77,1938398,$103.22,$103.73,$102.69
10/13/2015,$103.31,1287612,$103.22,$103.99,$103.00
10/12/2015,$103.72,983712,$102.66,$104.00,$102.65
10/09/2015,$102.94,1290605,$103.37,$103.75,$102.63
10/08/2015,$103.09,1213710,$101.67,$103.21,$101.56
10/07/2015,$102.17,1339301,$101.52,$102.46,$101.28
10/06/2015,$101.07,1329553,$101.54,$101.61,$100.90
10/05/2015,$101.86,1846740,$100.73,$101.91,$100.48
10/02/2015,$100.03,2410910,$97.55,$100.03,$97.18
10/01/2015,$98.34,2981417,$99.85,$99.97,$97.1845
09/30/2015,$99.53,2556092,$100.35,$100.36,$99.28
09/29/2015,$99.47,2128574,$99.21,$99.61,$98.21
09/28/2015,$99.08,2892691,$99.40,$100.26,$98.77
09/25/2015,$99.91,1942844,$99.60,$100.61,$98.48
09/24/2015,$98.86,2386959,$98.64,$99.23,$98.32
09/23/2015,$99.08,1919154,$99.00,$99.65,$98.48
09/22/2015,$98.98,2326593,$99.26,$99.65,$98.68
09/21/2015,$100.52,2095698,$100.44,$101.43,$100.12
09/18/2015,$99.66,5001765,$99.83,$100.91,$99.44
09/17/2015,$101.66,1762051,$101.94,$103.13,$101.25
09/16/2015,$101.91,2034182,$100.76,$102.08,$100.50
09/15/2015,$100.86,1694340,$99.52,$101.15,$99.18
09/14/2015,$99.28,1601785,$99.57,$99.84,$98.76
09/11/2015,$99.49,1375340,$98.43,$99.52,$98.18
09/10/2015,$99.09,1623606,$98.16,$99.75,$98.066
09/09/2015,$98.48,1590770,$100.25,$100.47,$98.30
09/08/2015,$99.65,2104687,$98.94,$99.69,$98.50
09/04/2015,$97.76,1923216,$97.96,$98.60,$97.29
09/03/2015,$99.37,2383249,$99.17,$100.11,$99.01
09/02/2015,$98.93,1643699,$98.35,$98.93,$97.88
09/01/2015,$97.49,2541977,$97.71,$98.55,$97.21
08/31/2015,$99.55,1931172,$99.74,$100.25,$99.32
08/28/2015,$100.43,1678341,$101.00,$101.22,$99.80
08/27/2015,$101.40,2711059,$101.09,$101.72,$99.79
08/26/2015,$100.00,2601920,$100.07,$100.29,$97.59
08/25/2015,$97.75,2931650,$100.47,$100.82,$97.64
08/24/2015,$98.78,5527070,$97.985,$101.41,$95.21
08/21/2015,$102.93,2293664,$105.07,$105.26,$102.86
08/20/2015,$105.70,1556788,$106.19,$106.63,$105.66
08/19/2015,$107.22,1386292,$107.28,$108.05,$106.47
08/18/2015,$107.82,889518,$107.67,$107.98,$106.79
08/17/2015,$107.71,1213236,$107.13,$107.89,$106.49
08/14/2015,$107.71,1488314,$106.92,$107.88,$106.75
08/13/2015,$106.95,3227624,$105.26,$107.70,$104.555
08/12/2015,$105.43,1736262,$105.05,$105.63,$104.05
08/11/2015,$105.89,1515052,$105.00,$105.99,$104.99
08/10/2015,$105.82,1916174,$106.09,$106.61,$105.58
08/07/2015,$105.48,1507252,$105.26,$105.58,$104.76
08/06/2015,$105.46,1497251,$106.23,$106.30,$104.92
08/05/2015,$106.08,2830200,$107.11,$107.47,$105.83
08/04/2015,$106.63,2116015,$106.51,$107.11,$106.245
08/03/2015,$106.94,1497683,$106.39,$106.94,$105.99
07/31/2015,$106.12,1758505,$106.83,$107.09,$106.02
07/30/2015,$106.50,1103927,$106.20,$106.6462,$105.92
07/29/2015,$106.43,1805578,$105.96,$106.60,$105.71
07/28/2015,$105.94,1903200,$106.00,$106.10,$105.18
07/27/2015,$105.59,2239464,$104.16,$105.98,$104.05
07/24/2015,$105.27,1604998,$105.17,$105.55,$104.95
07/23/2015,$105.30,1568749,$105.39,$105.59,$104.88
07/22/2015,$105.30,2119126,$104.67,$105.86,$104.4913
07/21/2015,$104.48,3389475,$103.97,$104.73,$102.12
07/20/2015,$102.61,1756814,$102.91,$103.078,$102.52
07/17/2015,$102.94,1448982,$103.17,$103.40,$102.70
07/16/2015,$103.29,2020059,$103.35,$103.71,$103.01
07/15/2015,$102.42,1737751,$101.99,$102.58,$101.99
07/14/2015,$102.38,1211355,$101.98,$102.59,$101.92
07/13/2015,$102.33,2174915,$101.90,$102.43,$101.83
07/10/2015,$101.00,1225314,$101.31,$101.35,$100.681
07/09/2015,$100.07,3101932,$100.38,$100.99,$99.87
07/08/2015,$98.76,2352208,$99.14,$99.47,$98.62
07/07/2015,$100.03,2716837,$98.99,$100.15,$98.30
07/06/2015,$98.94,1756017,$98.42,$99.12,$98.24
07/02/2015,$99.23,1996205,$99.49,$100.46,$99.08
07/01/2015,$99.30,3447750,$99.65,$100.44,$98.54
06/30/2015,$96.66,2752041,$96.69,$97.11,$95.86
06/29/2015,$96.14,1818607,$97.10,$97.47,$96.10
06/26/2015,$97.92,2061440,$98.18,$98.56,$97.72
06/25/2015,$97.81,1403824,$98.37,$98.81,$97.74
06/24/2015,$98.78,1402481,$99.79,$99.935,$98.78
06/23/2015,$100.00,1105187,$100.34,$100.5999,$99.47
06/22/2015,$100.04,1263042,$100.41,$100.538,$99.81
06/19/2015,$99.45,2958487,$101.16,$101.35,$99.2657
06/18/2015,$101.47,2196547,$100.09,$101.70,$100.09
06/17/2015,$99.78,1226010,$99.84,$100.18,$99.07
06/16/2015,$99.49,1436190,$98.39,$99.77,$98.39
06/15/2015,$98.79,1458011,$98.77,$99.34,$98.215
06/12/2015,$99.47,1426110,$99.64,$99.91,$98.94
06/11/2015,$100.13,1709206,$99.07,$100.2999,$99.01
06/10/2015,$99.18,1891457,$98.04,$99.92,$98.04
06/09/2015,$97.80,1882884,$98.01,$98.44,$97.54
06/08/2015,$97.76,2447721,$98.90,$99.09,$97.73
06/05/2015,$99.31,1804080,$100.56,$100.89,$99.28
06/04/2015,$100.21,1637813,$100.11,$101.23,$99.97
06/03/2015,$101.01,1828475,$100.81,$101.39,$100.29
06/02/2015,$100.33,2446428,$100.77,$101.00,$100.22
06/01/2015,$101.01,1350990,$101.59,$101.87,$100.95
05/29/2015,$101.12,2046156,$102.27,$102.28,$101.03
05/28/2015,$102.15,1215735,$101.97,$102.22,$101.65
05/27/2015,$102.34,1288525,$102.00,$102.49,$101.40
05/26/2015,$101.60,1545623,$102.46,$102.70,$101.46
05/22/2015,$102.73,1565397,$103.05,$103.37,$102.71
05/21/2015,$103.09,1777108,$103.62,$103.80,$103.04
05/20/2015,$103.70,1824096,$103.92,$104.12,$103.52
05/19/2015,$103.66,1667437,$103.60,$103.91,$103.31
05/18/2015,$103.17,1382601,$102.70,$103.405,$102.70
05/15/2015,$102.68,1627543,$102.71,$103.17,$102.501
05/14/2015,$102.75,1641616,$102.71,$102.94,$102.395
05/13/2015,$101.97,1699283,$101.92,$102.47,$101.40
05/12/2015,$101.67,2083133,$101.53,$102.15,$101.13
05/11/2015,$102.22,5003570,$102.39,$103.08,$101.48
05/08/2015,$103.73,1423364,$103.40,$104.091,$103.27
05/07/2015,$102.58,1744394,$101.43,$102.81,$101.25
05/06/2015,$101.77,1778459,$102.14,$102.53,$100.96
05/05/2015,$102.05,1720434,$101.72,$102.78,$101.71
05/04/2015,$102.17,1528937,$102.18,$102.68,$102.12
05/01/2015,$102.12,1803798,$101.85,$102.21,$101.49
04/30/2015,$101.11,3058120,$102.67,$103.0068,$100.76
04/29/2015,$102.85,2177204,$103.19,$103.58,$102.21
04/28/2015,$103.68,2038695,$103.10,$104.31,$102.73
04/27/2015,$103.33,2487722,$105.13,$105.40,$103.04
04/24/2015,$103.95,2222667,$103.39,$104.23,$102.70
04/23/2015,$103.48,3115381,$101.35,$103.99,$101.35
04/22/2015,$102.02,4271696,$101.84,$102.19,$100.83
04/21/2015,$101.88,5704108,$104.66,$105.25,$101.56
04/20/2015,$106.14,2667675,$106.14,$107.03,$105.84
04/17/2015,$105.40,3553557,$107.37,$107.58,$104.77
04/16/2015,$108.67,1804348,$107.78,$109.01,$107.4628
04/15/2015,$108.08,2055744,$108.16,$108.76,$108.00
04/14/2015,$107.79,1307766,$107.71,$108.60,$107.09
04/13/2015,$107.87,1267321,$107.36,$108.33,$107.30
04/10/2015,$107.65,1699921,$107.71,$107.79,$107.05
04/09/2015,$107.30,1218393,$107.34,$107.89,$106.77
04/08/2015,$107.34,1543983,$106.94,$107.69,$106.87
04/07/2015,$107.34,1363305,$108.13,$108.60,$107.34
04/06/2015,$108.13,1052674,$106.93,$108.645,$106.82
04/02/2015,$107.74,1105581,$107.13,$107.86,$106.9701
04/01/2015,$107.11,1860014,$108.00,$108.00,$106.81
03/31/2015,$108.13,1944754,$108.75,$108.85,$107.915
03/30/2015,$109.64,2033126,$107.72,$109.68,$107.70
03/27/2015,$107.13,1467843,$106.64,$107.26,$106.38
03/26/2015,$106.83,1489796,$107.31,$107.38,$106.44
03/25/2015,$107.61,1663428,$109.24,$109.38,$107.55
03/24/2015,$109.23,1215155,$109.39,$109.85,$109.13
03/23/2015,$109.62,1535488,$109.59,$110.49,$109.4555
03/20/2015,$109.73,4364814,$109.58,$110.238,$109.18
03/19/2015,$109.11,1446790,$109.64,$109.76,$108.73
03/18/2015,$109.52,2426364,$108.78,$109.79,$107.71
03/17/2015,$108.75,1662980,$108.15,$109.07,$107.68
03/16/2015,$108.93,2020797,$107.50,$109.075,$107.50
03/13/2015,$106.72,1719353,$107.49,$107.67,$106.27
03/12/2015,$107.83,1475361,$106.37,$107.85,$106.31
03/11/2015,$105.67,1837468,$104.97,$106.05,$104.77
03/10/2015,$104.73,1768028,$105.67,$105.75,$104.72
03/09/2015,$106.72,1256974,$105.97,$106.985,$105.9283
03/06/2015,$105.80,2199316,$106.48,$107.63,$105.71
03/05/2015,$107.60,1418439,$106.88,$107.70,$106.68
03/04/2015,$106.88,1640272,$106.91,$107.29,$106.67
03/03/2015,$107.40,1088779,$107.45,$107.8095,$106.90
03/02/2015,$107.90,1344822,$107.44,$107.96,$107.27
02/27/2015,$107.44,3217035,$107.67,$108.22,$107.31
02/26/2015,$107.82,2673100,$106.81,$108.0399,$106.75
02/25/2015,$106.91,2028867,$107.55,$107.75,$106.875
02/24/2015,$107.55,1530237,$106.96,$107.92,$106.96
02/23/2015,$107.08,1817261,$107.62,$107.63,$106.74
02/20/2015,$107.82,2177377,$107.59,$108.08,$106.75
02/19/2015,$107.99,2156522,$107.90,$108.29,$107.628
02/18/2015,$107.98,1829849,$107.48,$108.10,$107.36
02/17/2015,$108.00,3307936,$108.43,$108.53,$107.95
02/13/2015,$108.00,2232426,$107.76,$108.40,$107.69
02/12/2015,$108.04,2151893,$107.78,$108.16,$107.5588
02/11/2015,$107.77,1865653,$106.58,$107.92,$106.31
02/10/2015,$106.52,2065462,$106.14,$106.7656,$105.99
02/09/2015,$105.77,2206901,$105.43,$106.16,$105.16
02/06/2015,$107.20,2482478,$107.41,$108.07,$106.91
02/05/2015,$107.41,1705660,$106.46,$107.48,$106.46
02/04/2015,$106.73,2308157,$105.66,$107.36,$105.5801
02/03/2015,$106.04,2478450,$104.82,$106.09,$104.52
02/02/2015,$104.58,2060555,$102.94,$104.62,$101.94
01/30/2015,$102.82,3675425,$102.75,$104.11,$102.28
01/29/2015,$104.54,2797371,$104.89,$105.07,$103.51
01/28/2015,$104.58,2262711,$106.50,$106.98,$104.51
01/27/2015,$106.05,1681857,$106.67,$106.73,$105.71
01/26/2015,$107.07,1806378,$106.91,$107.24,$106.41
01/23/2015,$107.00,1885308,$107.99,$108.14,$106.93
01/22/2015,$108.17,3486830,$106.50,$108.24,$105.24
01/21/2015,$105.01,2517782,$105.47,$106.04,$104.59
01/20/2015,$105.84,2226808,$106.91,$107.27,$104.93
01/16/2015,$106.54,2137319,$104.44,$106.69,$104.17
01/15/2015,$104.21,1547910,$104.04,$104.62,$103.41
01/14/2015,$103.77,2142927,$103.64,$104.99,$102.99
01/13/2015,$105.36,2091775,$105.96,$107.23,$104.66
01/12/2015,$105.20,1547179,$106.06,$106.274,$104.95
01/09/2015,$105.83,1416644,$107.26,$107.425,$105.81
01/08/2015,$107.18,1942587,$105.845,$107.24,$105.66
01/07/2015,$105.00,1558424,$104.38,$105.05,$103.65
01/06/2015,$103.24,2352040,$104.07,$104.69,$103.04
01/05/2015,$104.17,1728836,$105.11,$105.24,$103.87
01/02/2015,$105.44,1271184,$106.29,$106.74,$104.94
12/31/2014,$105.85,1064904,$107.15,$107.94,$105.84
12/30/2014,$106.93,933160,$106.95,$107.14,$106.40
12/29/2014,$106.95,832472,$106.69,$107.59,$106.507
12/26/2014,$106.70,779162,$107.23,$107.29,$106.69
12/24/2014,$106.72,540318,$107.40,$107.44,$106.62
12/23/2014,$106.95,1290842,$106.77,$107.29,$106.28
12/22/2014,$106.31,1120576,$106.07,$106.62,$105.63
12/19/2014,$105.75,3895911,$106.41,$106.70,$105.41
12/18/2014,$105.95,2223217,$105.41,$105.95,$104.70
12/17/2014,$104.41,2386733,$103.28,$104.49,$102.93
12/16/2014,$103.08,2195878,$102.83,$104.43,$102.57
12/15/2014,$103.09,1966277,$103.64,$104.38,$102.141
12/12/2014,$103.16,2247393,$103.64,$104.77,$103.12
12/11/2014,$104.57,2467639,$103.78,$105.73,$103.71
12/10/2014,$104.26,2420628,$104.55,$105.76,$104.22
12/09/2014,$105.02,1978520,$104.44,$105.64,$104.36
12/08/2014,$105.84,2028763,$104.93,$106.13,$104.566
12/05/2014,$105.20,1730065,$105.20,$105.91,$104.91
12/04/2014,$105.10,3234770,$105.19,$105.44,$104.805
12/03/2014,$105.19,2388705,$104.24,$105.30,$104.00
12/02/2014,$104.40,2103418,$103.73,$104.59,$103.55
12/01/2014,$104.44,1594787,$104.38,$104.79,$104.02
11/28/2014,$104.45,834555,$104.63,$105.07,$104.22
11/26/2014,$104.37,1647866,$103.41,$104.42,$103.41
11/25/2014,$103.43,2251780,$104.09,$104.09,$103.11
11/24/2014,$103.79,1437111,$104.02,$104.24,$103.46
11/21/2014,$103.81,1765472,$104.39,$104.46,$103.55
11/20/2014,$103.46,1596357,$102.59,$103.72,$102.58
11/19/2014,$103.03,1877272,$102.61,$103.15,$102.38
11/18/2014,$102.85,1787247,$102.57,$103.30,$102.45
11/17/2014,$102.75,1637969,$102.21,$102.87,$102.04
11/14/2014,$102.43,1704578,$103.14,$103.30,$102.085
11/13/2014,$103.23,1420115,$103.30,$103.517,$102.74
11/12/2014,$103.06,1466345,$102.69,$103.15,$102.14
11/11/2014,$102.94,1595267,$102.91,$103.60,$102.87
11/10/2014,$102.99,2022148,$102.11,$103.11,$102.11
11/07/2014,$102.37,1434557,$102.04,$102.47,$101.70
11/06/2014,$101.91,1289885,$101.89,$102.045,$101.28
11/05/2014,$101.49,1767727,$101.58,$101.70,$100.82
11/04/2014,$101.13,2920586,$100.24,$101.43,$99.82
11/03/2014,$99.95,3702326,$100.81,$100.91,$99.94
10/31/2014,$100.80,2349580,$101.12,$101.19,$100.58
10/30/2014,$100.00,2879657,$99.10,$100.53,$96.42
10/29/2014,$99.42,2049919,$99.97,$100.17,$99.06
10/28/2014,$99.73,2751866,$99.29,$99.80,$99.08
10/27/2014,$98.87,2580480,$97.90,$99.03,$97.60
10/24/2014,$97.73,2353340,$96.59,$97.8067,$96.46
10/23/2014,$96.77,3707156,$96.38,$97.23,$96.18
10/22/2014,$95.58,3762054,$94.74,$96.29,$94.715
10/21/2014,$94.24,3502763,$93.96,$94.54,$92.50
10/20/2014,$93.20,2544612,$93.38,$93.5185,$92.85
10/17/2014,$93.24,2948224,$92.12,$93.40,$91.88
10/16/2014,$91.81,2739475,$91.01,$92.30,$90.95
10/15/2014,$91.99,3475582,$92.80,$93.08,$90.83
10/14/2014,$93.68,3534171,$93.66,$94.38,$93.4681
10/13/2014,$93.52,2577620,$93.82,$94.86,$93.46
10/10/2014,$94.04,2875029,$94.27,$94.89,$93.86
10/09/2014,$93.89,2543343,$94.47,$95.44,$93.78
10/08/2014,$94.45,3132288,$93.91,$94.57,$93.62
10/07/2014,$93.66,2556110,$94.10,$94.69,$93.66
10/06/2014,$94.70,1723965,$95.04,$95.50,$94.38
10/03/2014,$94.46,3226351,$93.64,$94.66,$93.524
10/02/2014,$93.07,2282371,$93.02,$93.53,$92.783
10/01/2014,$93.10,2323384,$94.12,$94.14,$92.99
09/30/2014,$93.94,1802540,$93.77,$94.40,$93.46
09/29/2014,$93.77,1997364,$93.90,$94.07,$93.39
09/26/2014,$94.40,1195906,$93.79,$94.69,$93.36
09/25/2014,$93.70,1986731,$94.63,$94.79,$93.64
09/24/2014,$94.79,1665904,$93.48,$95.01,$93.45
09/23/2014,$93.55,1417999,$94.52,$94.55,$93.55
09/22/2014,$94.60,1463796,$94.56,$95.15,$94.4701
09/19/2014,$94.61,4375414,$95.33,$95.38,$94.61
09/18/2014,$94.78,1620021,$93.94,$94.89,$93.69
09/17/2014,$93.65,2029558,$93.56,$93.98,$93.43
09/16/2014,$93.64,1167948,$93.21,$94.0597,$93.16
09/15/2014,$93.55,1701854,$92.58,$93.76,$92.35
09/12/2014,$92.42,1539161,$92.77,$93.00,$92.3228
09/11/2014,$92.92,1349685,$92.85,$93.04,$92.554
09/10/2014,$93.17,1456482,$93.04,$93.54,$92.87
09/09/2014,$92.85,2039740,$93.40,$93.46,$92.58
09/08/2014,$93.27,1408895,$93.74,$94.02,$93.10
09/05/2014,$94.21,1658697,$94.24,$94.42,$93.48
09/04/2014,$94.26,1491066,$94.63,$94.99,$94.08
09/03/2014,$94.47,1575724,$95.04,$95.32,$94.37
09/02/2014,$94.52,2465678,$94.92,$95.34,$94.35
08/29/2014,$94.71,1375957,$94.47,$94.76,$93.96
08/28/2014,$94.34,1221378,$94.36,$94.77,$94.18
08/27/2014,$94.76,1223013,$94.15,$94.77,$94.07
08/26/2014,$94.20,1053266,$94.52,$94.66,$94.11
08/25/2014,$94.29,1335499,$94.08,$94.52,$93.87
08/22/2014,$93.75,1401300,$93.88,$94.13,$93.50
08/21/2014,$93.94,1348142,$93.01,$94.18,$92.90
08/20/2014,$93.11,1023027,$92.62,$93.16,$92.3301
08/19/2014,$92.91,973041,$92.87,$93.055,$92.72
08/18/2014,$92.99,1193897,$92.42,$93.055,$92.38
08/15/2014,$92.13,1342993,$92.34,$92.93,$91.48
08/14/2014,$92.22,1076343,$91.37,$92.25,$91.33
08/13/2014,$91.27,1405591,$91.48,$91.58,$90.99
08/12/2014,$91.09,1290126,$90.60,$91.22,$90.43
08/11/2014,$90.66,1595721,$90.59,$90.9599,$90.51
08/08/2014,$90.48,1803943,$89.84,$90.63,$89.63
08/07/2014,$89.90,1877197,$89.84,$90.26,$89.66
08/06/2014,$89.70,1400931,$88.93,$89.92,$88.8101
08/05/2014,$89.12,2218347,$89.67,$89.87,$88.82
08/04/2014,$89.90,2160766,$89.67,$90.015,$89.11
08/01/2014,$89.61,2234120,$89.47,$90.03,$89.07
07/31/2014,$89.56,2646908,$90.75,$91.20,$89.55
07/30/2014,$90.94,2069359,$91.22,$91.59,$90.82
07/29/2014,$91.12,2265114,$92.09,$92.47,$91.085
07/28/2014,$91.88,2487899,$91.70,$92.10,$91.02
07/25/2014,$92.10,1907773,$92.91,$92.96,$91.79
07/24/2014,$92.88,2400798,$92.09,$93.09,$91.91
07/23/2014,$91.78,2731705,$91.52,$91.90,$91.28
07/22/2014,$91.63,6323105,$90.36,$92.096,$90.36
07/21/2014,$95.26,1748834,$95.39,$95.58,$94.68
07/18/2014,$95.34,1737227,$94.93,$95.44,$94.75
07/17/2014,$94.70,1202901,$95.33,$95.74,$94.64
07/16/2014,$95.62,1437768,$95.93,$96.01,$95.46
07/15/2014,$95.95,1575758,$95.53,$96.03,$95.47
07/14/2014,$95.56,1416692,$95.18,$95.83,$95.18
07/11/2014,$94.68,1116980,$94.37,$94.74,$94.115
07/10/2014,$94.30,1656089,$93.73,$94.38,$93.55
07/09/2014,$94.70,1512419,$94.58,$94.77,$94.23
07/08/2014,$94.14,2444747,$94.42,$94.58,$93.845
07/07/2014,$94.55,1319109,$94.50,$94.77,$94.35
07/03/2014,$94.84,828949,$94.64,$94.85,$94.35
07/02/2014,$94.62,1114491,$94.91,$95.25,$94.43
07/01/2014,$95.21,1631086,$94.88,$95.81,$94.74
06/30/2014,$94.07,2153895,$94.08,$94.38,$93.65
06/27/2014,$93.92,4143582,$94.52,$94.895,$93.592
06/26/2014,$94.41,1215461,$94.88,$94.96,$93.61
06/25/2014,$94.86,1298247,$94.64,$95.04,$94.35
06/24/2014,$94.67,1640245,$94.81,$95.39,$94.53
06/23/2014,$94.95,1930327,$94.59,$95.24,$94.59
06/20/2014,$94.59,4795685,$95.82,$96.18,$94.56
06/19/2014,$95.60,2115947,$95.55,$95.66,$95.01
06/18/2014,$95.40,2556575,$95.19,$95.57,$94.91
06/17/2014,$95.22,2175714,$94.93,$95.69,$94.57
06/16/2014,$95.46,1306222,$95.21,$95.753,$95.20
06/13/2014,$95.41,1446468,$94.95,$95.48,$94.82
06/12/2014,$95.00,1840484,$94.97,$95.19,$94.57
06/11/2014,$94.90,1555555,$94.81,$95.10,$94.60
06/10/2014,$95.10,1728985,$94.69,$95.16,$94.65
06/09/2014,$94.66,1871030,$94.71,$95.05,$94.55
06/06/2014,$94.36,2157534,$94.54,$94.97,$94.29
06/05/2014,$94.97,1854753,$94.89,$95.00,$94.24
06/04/2014,$94.67,2048313,$93.39,$94.75,$93.13
06/03/2014,$93.41,2012054,$93.08,$93.45,$92.87
06/02/2014,$93.71,1454798,$93.70,$94.01,$93.645
05/30/2014,$93.45,2276677,$94.00,$94.12,$93.365
05/29/2014,$94.10,1724212,$93.40,$94.31,$93.40
05/28/2014,$93.46,2048230,$93.43,$93.81,$93.265
05/27/2014,$93.49,1590775,$93.15,$93.645,$92.98
05/23/2014,$92.86,1451171,$93.01,$93.34,$92.4099
05/22/2014,$93.01,1364329,$92.80,$93.10,$92.60
05/21/2014,$92.86,1701933,$93.03,$93.34,$92.57
05/20/2014,$92.67,1391761,$92.48,$92.9772,$92.32
05/19/2014,$92.77,1292180,$92.48,$92.89,$92.1416
05/16/2014,$92.58,2330967,$92.46,$92.62,$91.62
05/15/2014,$92.37,2257175,$92.45,$92.65,$91.91
05/14/2014,$92.65,1330563,$93.02,$93.04,$92.44
05/13/2014,$92.91,2246826,$92.37,$93.06,$92.22
05/12/2014,$92.04,2072637,$92.12,$92.93,$92.03
